1 0 3.44293e-28
1.25893 0 2.76094e-24
1.58489 0 3.66789e-21
1.99526 0 1.16644e-18
2.51189 0 1.1892e-16
3.16228 0 4.90072e-15
3.98107 0 9.81107e-14
5.01187 0 1.10393e-12
6.30957 0 7.83681e-12
7.94328 0 3.84689e-11
10 0 1.40416e-10
12.5893 0 4.03736e-10
15.8489 0 9.57279e-10
19.9526 0 1.94111e-09
25.1189 0 3.46521e-09
31.6228 0 5.57359e-09
39.8107 0 8.22854e-09
50.1187 0 1.1318e-08
63.0957 0 1.46791e-08
79.4328 0 1.81278e-08
100 0 2.14858e-08
125.893 0 2.46003e-08
158.489 0 2.73541e-08
199.526 0 2.96696e-08
251.189 0 3.1506e-08
316.228 0 3.28538e-08
398.107 0 3.37284e-08
501.187 0 3.41626e-08
630.957 0 3.42008e-08
794.328 0 3.38933e-08
1000 0 3.32925e-08
1258.93 0 3.24501e-08
1584.89 0 3.14145e-08
1995.26 0 3.02304e-08
2511.89 0 2.89372e-08
3162.28 0 2.75696e-08
3981.07 0 2.61571e-08
5011.87 0 2.47245e-08
6309.57 0 2.32925e-08
7943.28 0 2.18776e-08
10000 0 2.04931e-08
1 2 5.14454e-09
1.25893 2 5.39751e-09
1.58489 2 5.69764e-09
1.99526 2 6.05033e-09
2.51189 2 6.46128e-09
3.16228 2 6.93653e-09
3.98107 2 7.48247e-09
5.01187 2 8.10581e-09
6.30957 2 8.81355e-09
7.94328 2 9.61297e-09
10 2 1.05115e-08
12.5893 2 1.15165e-08
15.8489 2 1.26355e-08
19.9526 2 1.38756e-08
25.1189 2 1.52437e-08
31.6228 2 1.67451e-08
39.8107 2 1.83822e-08
50.1187 2 2.01493e-08
63.0957 2 2.20268e-08
79.4328 2 2.39762e-08
100 2 2.59386e-08
125.893 2 2.78399e-08
158.489 2 2.95998e-08
199.526 2 3.11431e-08
251.189 2 3.24083e-08
316.228 2 3.33534e-08
398.107 2 3.39581e-08
501.187 2 3.42215e-08
630.957 2 3.41593e-08
794.328 2 3.37993e-08
1000 2 3.3177e-08
1258.93 2 3.23317e-08
1584.89 2 3.13038e-08
1995.26 2 3.01324e-08
2511.89 2 2.88537e-08
3162.28 2 2.75003e-08
3981.07 2 2.61007e-08
5011.87 2 2.46795e-08
6309.57 2 2.32569e-08
7943.28 2 2.18498e-08
10000 2 2.04716e-08
1 4 3.52399e-08
1.25893 4 3.52245e-08
1.58489 4 3.52052e-08
1.99526 4 3.51809e-08
2.51189 4 3.51503e-08
3.16228 4 3.51119e-08
3.98107 4 3.50637e-08
5.01187 4 3.50034e-08
6.30957 4 3.4928e-08
7.94328 4 3.48343e-08
10 4 3.47189e-08
12.5893 4 3.45794e-08
15.8489 4 3.44152e-08
19.9526 4 3.42296e-08
25.1189 4 3.40306e-08
31.6228 4 3.3831e-08
39.8107 4 3.36474e-08
50.1187 4 3.34983e-08
63.0957 4 3.34019e-08
79.4328 4 3.33736e-08
100 4 3.34233e-08
125.893 4 3.35506e-08
158.489 4 3.37414e-08
199.526 4 3.39654e-08
251.189 4 3.41789e-08
316.228 4 3.43313e-08
398.107 4 3.43731e-08
501.187 4 3.42634e-08
630.957 4 3.39748e-08
794.328 4 3.34949e-08
1000 4 3.28251e-08
1258.93 4 3.19783e-08
1584.89 4 3.09756e-08
1995.26 4 2.98424e-08
2511.89 4 2.86064e-08
3162.28 4 2.72949e-08
3981.07 4 2.59335e-08
5011.87 4 2.45456e-08
6309.57 4 2.31511e-08
7943.28 4 2.1767e-08
10000 4 2.04074e-08
1 6 3.86687e-08
1.25893 6 3.86635e-08
1.58489 6 3.86569e-08
1.99526 6 3.86486e-08
2.51189 6 3.86381e-08
3.16228 6 3.8625e-08
3.98107 6 3.86084e-08
5.01187 6 3.85874e-08
6.30957 6 3.85609e-08
7.94328 6 3.85275e-08
10 6 3.84852e-08
12.5893 6 3.84316e-08
15.8489 6 3.83637e-08
19.9526 6 3.82775e-08
25.1189 6 3.81679e-08
31.6228 6 3.80288e-08
39.8107 6 3.78532e-08
50.1187 6 3.76342e-08
63.0957 6 3.73676e-08
79.4328 6 3.70539e-08
100 6 3.67002e-08
125.893 6 3.63196e-08
158.489 6 3.59287e-08
199.526 6 3.55424e-08
251.189 6 3.51681e-08
316.228 6 3.4801e-08
398.107 6 3.44228e-08
501.187 6 3.40055e-08
630.957 6 3.35178e-08
794.328 6 3.29318e-08
1000 6 3.2228e-08
1258.93 6 3.13974e-08
1584.89 6 3.0442e-08
1995.26 6 2.93722e-08
2511.89 6 2.82049e-08
3162.28 6 2.69605e-08
3981.07 6 2.56605e-08
5011.87 6 2.43262e-08
6309.57 6 2.29771e-08
7943.28 6 2.16307e-08
10000 6 2.03015e-08
1 8 3.694e-08
1.25893 8 3.69378e-08
1.58489 8 3.6935e-08
1.99526 8 3.69316e-08
2.51189 8 3.69272e-08
3.16228 8 3.69217e-08
3.98107 8 3.69148e-08
5.01187 8 3.69061e-08
6.30957 8 3.6895e-08
7.94328 8 3.68811e-08
10 8 3.68636e-08
12.5893 8 3.68414e-08
15.8489 8 3.68132e-08
19.9526 8 3.67776e-08
25.1189 8 3.67323e-08
31.6228 8 3.66747e-08
39.8107 8 3.66012e-08
50.1187 8 3.65069e-08
63.0957 8 3.63858e-08
79.4328 8 3.62299e-08
100 8 3.60304e-08
125.893 8 3.57796e-08
158.489 8 3.54723e-08
199.526 8 3.51096e-08
251.189 8 3.46983e-08
316.228 8 3.42479e-08
398.107 8 3.37653e-08
501.187 8 3.32504e-08
630.957 8 3.26938e-08
794.328 8 3.20793e-08
1000 8 3.13885e-08
1258.93 8 3.06062e-08
1584.89 8 2.97237e-08
1995.26 8 2.87407e-08
2511.89 8 2.76646e-08
3162.28 8 2.65085e-08
3981.07 8 2.52897e-08
5011.87 8 2.40269e-08
6309.57 8 2.27389e-08
7943.28 8 2.14432e-08
10000 8 2.01555e-08
1 10 3.43871e-08
1.25893 10 3.4386e-08
1.58489 10 3.43846e-08
1.99526 10 3.43829e-08
2.51189 10 3.43807e-08
3.16228 10 3.4378e-08
3.98107 10 3.43745e-08
5.01187 10 3.43701e-08
6.30957 10 3.43646e-08
7.94328 10 3.43577e-08
10 10 3.43489e-08
12.5893 10 3.43379e-08
15.8489 10 3.43239e-08
19.9526 10 3.43062e-08
25.1189 10 3.42839e-08
31.6228 10 3.42555e-08
39.8107 10 3.42194e-08
50.1187 10 3.41735e-08
63.0957 10 3.41147e-08
79.4328 10 3.40392e-08
100 10 3.39417e-08
125.893 10 3.3815e-08
158.489 10 3.36504e-08
199.526 10 3.34382e-08
251.189 10 3.31704e-08
316.228 10 3.28425e-08
398.107 10 3.24551e-08
501.187 10 3.20111e-08
630.957 10 3.15123e-08
794.328 10 3.0956e-08
1000 10 3.03339e-08
1258.93 10 2.96352e-08
1584.89 10 2.885e-08
1995.26 10 2.7973e-08
2511.89 10 2.70052e-08
3162.28 10 2.59539e-08
3981.07 10 2.48318e-08
5011.87 10 2.3655e-08
6309.57 10 2.24411e-08
7943.28 10 2.12077e-08
10000 10 1.99712e-08
