1 0 9.23576e-69
2 0 1.09119e-39
3 0 6.55512e-30
4 0 5.5867e-25
5 0 5.36034e-22
6 0 5.40059e-20
7 0 1.49228e-18
8 0 1.83042e-17
9 0 1.30343e-16
10 0 6.33298e-16
11 0 2.32745e-15
12 0 6.9317e-15
13 0 1.755e-14
14 0 3.90914e-14
15 0 7.85606e-14
16 0 1.45173e-13
17 0 2.5029e-13
18 0 4.07194e-13
19 0 6.30759e-13
20 0 9.37039e-13
21 0 1.34284e-12
22 0 1.86529e-12
23 0 2.52146e-12
24 0 3.32798e-12
25 0 4.3008e-12
26 0 5.4549e-12
27 0 6.80415e-12
28 0 8.36115e-12
29 0 1.01372e-11
30 0 1.21422e-11
31 0 1.43846e-11
32 0 1.68716e-11
33 0 1.96089e-11
34 0 2.26012e-11
35 0 2.58518e-11
36 0 2.93627e-11
37 0 3.31351e-11
38 0 3.71693e-11
39 0 4.14644e-11
40 0 4.60189e-11
41 0 5.08305e-11
42 0 5.58963e-11
43 0 6.12128e-11
44 0 6.67759e-11
45 0 7.25813e-11
46 0 7.86239e-11
47 0 8.48988e-11
48 0 9.14003e-11
49 0 9.81228e-11
50 0 1.0506e-10
51 0 1.12207e-10
52 0 1.19557e-10
53 0 1.27104e-10
54 0 1.34841e-10
55 0 1.42762e-10
56 0 1.50861e-10
57 0 1.59131e-10
58 0 1.67567e-10
59 0 1.76163e-10
60 0 1.84911e-10
61 0 1.93806e-10
62 0 2.02842e-10
63 0 2.12014e-10
64 0 2.21314e-10
65 0 2.30739e-10
66 0 2.40281e-10
67 0 2.49936e-10
68 0 2.59699e-10
69 0 2.69564e-10
70 0 2.79526e-10
71 0 2.8958e-10
72 0 2.99722e-10
73 0 3.09946e-10
74 0 3.20249e-10
75 0 3.30626e-10
76 0 3.41072e-10
77 0 3.51584e-10
78 0 3.62156e-10
79 0 3.72787e-10
80 0 3.83471e-10
81 0 3.94205e-10
82 0 4.04985e-10
83 0 4.15809e-10
84 0 4.26672e-10
85 0 4.37571e-10
86 0 4.48504e-10
87 0 4.59467e-10
88 0 4.70458e-10
89 0 4.81473e-10
90 0 4.9251e-10
91 0 5.03566e-10
92 0 5.14639e-10
93 0 5.25727e-10
94 0 5.36826e-10
95 0 5.47935e-10
96 0 5.59052e-10
97 0 5.70174e-10
98 0 5.81299e-10
99 0 5.92426e-10
100 0 6.03553e-10
1 0.1 2.47965e-66
2 0.1 8.92269e-39
3 0.1 1.97355e-29
4 0.1 1.09692e-24
5 0.1 8.43972e-22
6 0.1 7.48038e-20
7 0.1 1.90671e-18
8 0.1 2.21581e-17
9 0.1 1.51924e-16
10 0.1 7.18085e-16
11 0.1 2.58502e-15
12 0.1 7.57724e-15
13 0.1 1.89458e-14
14 0.1 4.17799e-14
15 0.1 8.32827e-14
16 0.1 1.5287e-13
17 0.1 2.62087e-13
18 0.1 4.2438e-13
19 0.1 6.54744e-13
20 0.1 9.69322e-13
21 0.1 1.38497e-12
22 0.1 1.91882e-12
23 0.1 2.58792e-12
24 0.1 3.40886e-12
25 0.1 4.39749e-12
26 0.1 5.56872e-12
27 0.1 6.93629e-12
28 0.1 8.5127e-12
29 0.1 1.03091e-11
30 0.1 1.23353e-11
31 0.1 1.45996e-11
32 0.1 1.71091e-11
33 0.1 1.98694e-11
34 0.1 2.2885e-11
35 0.1 2.6159e-11
36 0.1 2.96936e-11
37 0.1 3.34899e-11
38 0.1 3.75477e-11
39 0.1 4.18664e-11
40 0.1 4.64444e-11
41 0.1 5.12792e-11
42 0.1 5.63679e-11
43 0.1 6.17069e-11
44 0.1 6.72922e-11
45 0.1 7.31193e-11
46 0.1 7.91832e-11
47 0.1 8.54789e-11
48 0.1 9.20007e-11
49 0.1 9.8743e-11
50 0.1 1.057e-10
51 0.1 1.12865e-10
52 0.1 1.20233e-10
53 0.1 1.27797e-10
54 0.1 1.35551e-10
55 0.1 1.43489e-10
56 0.1 1.51604e-10
57 0.1 1.5989e-10
58 0.1 1.6834e-10
59 0.1 1.7695e-10
60 0.1 1.85711e-10
61 0.1 1.9462e-10
62 0.1 2.03668e-10
63 0.1 2.12852e-10
64 0.1 2.22164e-10
65 0.1 2.31599e-10
66 0.1 2.41152e-10
67 0.1 2.50817e-10
68 0.1 2.60589e-10
69 0.1 2.70463e-10
70 0.1 2.80434e-10
71 0.1 2.90496e-10
72 0.1 3.00646e-10
73 0.1 3.10878e-10
74 0.1 3.21187e-10
75 0.1 3.3157e-10
76 0.1 3.42023e-10
77 0.1 3.5254e-10
78 0.1 3.63118e-10
79 0.1 3.73754e-10
80 0.1 3.84442e-10
81 0.1 3.95181e-10
82 0.1 4.05965e-10
83 0.1 4.16792e-10
84 0.1 4.27659e-10
85 0.1 4.38562e-10
86 0.1 4.49497e-10
87 0.1 4.60463e-10
88 0.1 4.71456e-10
89 0.1 4.82473e-10
90 0.1 4.93512e-10
91 0.1 5.0457e-10
92 0.1 5.15645e-10
93 0.1 5.26733e-10
94 0.1 5.37834e-10
95 0.1 5.48943e-10
96 0.1 5.60061e-10
97 0.1 5.71183e-10
98 0.1 5.82309e-10
99 0.1 5.93436e-10
100 0.1 6.04562e-10
1 0.2 4.358e-63
2 0.2 2.76326e-37
3 0.2 1.59308e-28
4 0.2 4.55266e-24
5 0.2 2.37375e-21
6 0.2 1.63942e-19
7 0.2 3.52645e-18
8 0.2 3.63264e-17
9 0.2 2.27952e-16
10 0.2 1.00773e-15
11 0.2 3.44499e-15
12 0.2 9.6951e-15
13 0.2 2.34631e-14
14 0.2 5.03867e-14
15 0.2 9.82674e-14
16 0.2 1.77118e-13
17 0.2 2.99037e-13
18 0.2 4.77937e-13
19 0.2 7.29179e-13
20 0.2 1.06915e-12
21 0.2 1.51484e-12
22 0.2 2.0834e-12
23 0.2 2.79179e-12
24 0.2 3.65644e-12
25 0.2 4.69297e-12
26 0.2 5.91598e-12
27 0.2 7.33889e-12
28 0.2 8.97385e-12
29 0.2 1.08316e-11
30 0.2 1.29216e-11
31 0.2 1.52518e-11
32 0.2 1.78289e-11
33 0.2 2.06582e-11
34 0.2 2.37438e-11
35 0.2 2.70886e-11
36 0.2 3.06943e-11
37 0.2 3.45617e-11
38 0.2 3.86907e-11
39 0.2 4.30802e-11
40 0.2 4.77284e-11
41 0.2 5.26326e-11
42 0.2 5.77899e-11
43 0.2 6.31965e-11
44 0.2 6.88482e-11
45 0.2 7.47403e-11
46 0.2 8.0868e-11
47 0.2 8.72258e-11
48 0.2 9.38084e-11
49 0.2 1.0061e-10
50 0.2 1.07624e-10
51 0.2 1.14846e-10
52 0.2 1.22268e-10
53 0.2 1.29884e-10
54 0.2 1.37689e-10
55 0.2 1.45675e-10
56 0.2 1.53838e-10
57 0.2 1.62169e-10
58 0.2 1.70664e-10
59 0.2 1.79315e-10
60 0.2 1.88118e-10
61 0.2 1.97065e-10
62 0.2 2.06151e-10
63 0.2 2.1537e-10
64 0.2 2.24716e-10
65 0.2 2.34184e-10
66 0.2 2.43769e-10
67 0.2 2.53463e-10
68 0.2 2.63264e-10
69 0.2 2.73165e-10
70 0.2 2.83161e-10
71 0.2 2.93248e-10
72 0.2 3.0342e-10
73 0.2 3.13674e-10
74 0.2 3.24004e-10
75 0.2 3.34406e-10
76 0.2 3.44877e-10
77 0.2 3.55411e-10
78 0.2 3.66005e-10
79 0.2 3.76656e-10
80 0.2 3.87359e-10
81 0.2 3.9811e-10
82 0.2 4.08906e-10
83 0.2 4.19745e-10
84 0.2 4.30621e-10
85 0.2 4.41533e-10
86 0.2 4.52478e-10
87 0.2 4.63451e-10
88 0.2 4.74451e-10
89 0.2 4.85475e-10
90 0.2 4.96519e-10
91 0.2 5.07582e-10
92 0.2 5.1866e-10
93 0.2 5.29752e-10
94 0.2 5.40856e-10
95 0.2 5.51968e-10
96 0.2 5.63087e-10
97 0.2 5.7421e-10
98 0.2 5.85337e-10
99 0.2 5.96464e-10
100 0.2 6.07589e-10
1 0.3 7.80307e-60
2 0.3 9.98563e-36
3 0.3 1.56561e-27
4 0.3 2.33173e-23
5 0.3 8.22304e-21
6 0.3 4.37938e-19
7 0.3 7.83511e-18
8 0.3 7.0419e-17
9 0.3 3.98161e-16
10 0.3 1.6224e-15
11 0.3 5.19726e-15
12 0.3 1.38764e-14
13 0.3 3.21617e-14
14 0.3 6.66315e-14
15 0.3 1.26092e-13
16 0.3 2.21543e-13
17 0.3 3.65976e-13
18 0.3 5.74051e-13
19 0.3 8.61695e-13
20 0.3 1.24567e-12
21 0.3 1.74312e-12
22 0.3 2.37121e-12
23 0.3 3.14673e-12
24 0.3 4.08579e-12
25 0.3 5.20359e-12
26 0.3 6.51426e-12
27 0.3 8.03063e-12
28 0.3 9.76426e-12
29 0.3 1.17253e-11
30 0.3 1.39225e-11
31 0.3 1.63632e-11
32 0.3 1.90536e-11
33 0.3 2.19982e-11
34 0.3 2.52008e-11
35 0.3 2.86635e-11
36 0.3 3.23879e-11
37 0.3 3.6374e-11
38 0.3 4.06215e-11
39 0.3 4.51287e-11
40 0.3 4.98937e-11
41 0.3 5.49135e-11
42 0.3 6.01847e-11
43 0.3 6.57035e-11
44 0.3 7.14653e-11
45 0.3 7.74654e-11
46 0.3 8.36987e-11
47 0.3 9.01598e-11
48 0.3 9.68429e-11
49 0.3 1.03742e-10
50 0.3 1.10852e-10
51 0.3 1.18166e-10
52 0.3 1.25677e-10
53 0.3 1.33381e-10
54 0.3 1.41269e-10
55 0.3 1.49337e-10
56 0.3 1.57578e-10
57 0.3 1.65985e-10
58 0.3 1.74552e-10
59 0.3 1.83273e-10
60 0.3 1.92143e-10
61 0.3 2.01154e-10
62 0.3 2.10302e-10
63 0.3 2.1958e-10
64 0.3 2.28983e-10
65 0.3 2.38505e-10
66 0.3 2.4814e-10
67 0.3 2.57884e-10
68 0.3 2.67731e-10
69 0.3 2.77677e-10
70 0.3 2.87715e-10
71 0.3 2.97842e-10
72 0.3 3.08052e-10
73 0.3 3.18341e-10
74 0.3 3.28705e-10
75 0.3 3.3914e-10
76 0.3 3.4964e-10
77 0.3 3.60202e-10
78 0.3 3.70823e-10
79 0.3 3.81498e-10
80 0.3 3.92224e-10
81 0.3 4.02996e-10
82 0.3 4.13812e-10
83 0.3 4.24669e-10
84 0.3 4.35562e-10
85 0.3 4.4649e-10
86 0.3 4.57448e-10
87 0.3 4.68434e-10
88 0.3 4.79445e-10
89 0.3 4.90479e-10
90 0.3 5.01532e-10
91 0.3 5.12603e-10
92 0.3 5.23688e-10
93 0.3 5.34786e-10
94 0.3 5.45894e-10
95 0.3 5.57009e-10
96 0.3 5.68131e-10
97 0.3 5.79256e-10
98 0.3 5.90383e-10
99 0.3 6.0151e-10
100 0.3 6.12635e-10
1 0.4 1.20124e-56
2 0.4 3.55407e-34
3 0.4 1.58544e-26
4 0.4 1.25846e-22
5 0.4 3.0406e-20
6 0.4 1.25803e-18
7 0.4 1.87906e-17
8 0.4 1.47514e-16
9 0.4 7.50981e-16
10 0.4 2.81483e-15
11 0.4 8.42599e-15
12 0.4 2.12731e-14
13 0.4 4.7054e-14
14 0.4 9.37113e-14
15 0.4 1.71468e-13
16 0.4 2.92677e-13
17 0.4 4.71524e-13
18 0.4 7.2364e-13
19 0.4 1.06565e-12
20 0.4 1.51475e-12
21 0.4 2.08824e-12
22 0.4 2.80319e-12
23 0.4 3.67609e-12
24 0.4 4.72256e-12
25 0.4 5.95719e-12
26 0.4 7.39335e-12
27 0.4 9.04309e-12
28 0.4 1.09171e-11
29 0.4 1.30246e-11
30 0.4 1.53735e-11
31 0.4 1.79704e-11
32 0.4 2.08203e-11
33 0.4 2.39274e-11
34 0.4 2.72943e-11
35 0.4 3.09226e-11
36 0.4 3.48131e-11
37 0.4 3.89655e-11
38 0.4 4.33785e-11
39 0.4 4.80503e-11
40 0.4 5.29782e-11
41 0.4 5.81591e-11
42 0.4 6.35891e-11
43 0.4 6.9264e-11
44 0.4 7.51791e-11
45 0.4 8.13294e-11
46 0.4 8.77095e-11
47 0.4 9.43138e-11
48 0.4 1.01137e-10
49 0.4 1.08172e-10
50 0.4 1.15414e-10
51 0.4 1.22856e-10
52 0.4 1.30492e-10
53 0.4 1.38315e-10
54 0.4 1.4632e-10
55 0.4 1.545e-10
56 0.4 1.62849e-10
57 0.4 1.7136e-10
58 0.4 1.80027e-10
59 0.4 1.88845e-10
60 0.4 1.97807e-10
61 0.4 2.06908e-10
62 0.4 2.1614e-10
63 0.4 2.255e-10
64 0.4 2.34981e-10
65 0.4 2.44577e-10
66 0.4 2.54284e-10
67 0.4 2.64095e-10
68 0.4 2.74007e-10
69 0.4 2.84013e-10
70 0.4 2.9411e-10
71 0.4 3.04291e-10
72 0.4 3.14554e-10
73 0.4 3.24892e-10
74 0.4 3.35302e-10
75 0.4 3.4578e-10
76 0.4 3.56322e-10
77 0.4 3.66923e-10
78 0.4 3.77579e-10
79 0.4 3.88288e-10
80 0.4 3.99045e-10
81 0.4 4.09847e-10
82 0.4 4.2069e-10
83 0.4 4.31571e-10
84 0.4 4.42487e-10
85 0.4 4.53435e-10
86 0.4 4.64412e-10
87 0.4 4.75416e-10
88 0.4 4.86442e-10
89 0.4 4.97489e-10
90 0.4 5.08555e-10
91 0.4 5.19636e-10
92 0.4 5.3073e-10
93 0.4 5.41835e-10
94 0.4 5.52948e-10
95 0.4 5.64069e-10
96 0.4 5.75193e-10
97 0.4 5.8632e-10
98 0.4 5.97448e-10
99 0.4 6.08575e-10
100 0.4 6.19698e-10
1 0.5 1.50785e-53
2 0.5 1.18151e-32
3 0.5 1.56891e-25
4 0.5 6.78833e-22
5 0.5 1.1389e-19
6 0.5 3.6933e-18
7 0.5 4.63378e-17
8 0.5 3.19098e-16
9 0.5 1.46689e-15
10 0.5 5.06686e-15
11 0.5 1.4187e-14
12 0.5 3.38814e-14
13 0.5 7.15105e-14
14 0.5 1.36836e-13
15 0.5 2.41899e-13
16 0.5 4.00731e-13
17 0.5 6.28946e-13
18 0.5 9.43279e-13
19 0.5 1.36111e-12
20 0.5 1.90002e-12
21 0.5 2.57738e-12
22 0.5 3.41e-12
23 0.5 4.41388e-12
24 0.5 5.60392e-12
25 0.5 6.99383e-12
26 0.5 8.59599e-12
27 0.5 1.04214e-11
28 0.5 1.24795e-11
29 0.5 1.47786e-11
30 0.5 1.73253e-11
31 0.5 2.01251e-11
32 0.5 2.31821e-11
33 0.5 2.64992e-11
34 0.5 3.00783e-11
35 0.5 3.39201e-11
36 0.5 3.80244e-11
37 0.5 4.23903e-11
38 0.5 4.70157e-11
39 0.5 5.18983e-11
40 0.5 5.70349e-11
41 0.5 6.24216e-11
42 0.5 6.80544e-11
43 0.5 7.39285e-11
44 0.5 8.0039e-11
45 0.5 8.63805e-11
46 0.5 9.29474e-11
47 0.5 9.97341e-11
48 0.5 1.06734e-10
49 0.5 1.13942e-10
50 0.5 1.21352e-10
51 0.5 1.28956e-10
52 0.5 1.3675e-10
53 0.5 1.44726e-10
54 0.5 1.52878e-10
55 0.5 1.612e-10
56 0.5 1.69685e-10
57 0.5 1.78328e-10
58 0.5 1.87123e-10
59 0.5 1.96056e-10
60 0.5 2.05142e-10
61 0.5 2.14354e-10
62 0.5 2.23694e-10
63 0.5 2.33157e-10
64 0.5 2.42735e-10
65 0.5 2.52425e-10
66 0.5 2.62221e-10
67 0.5 2.72118e-10
68 0.5 2.8211e-10
69 0.5 2.92193e-10
70 0.5 3.02363e-10
71 0.5 3.12613e-10
72 0.5 3.22941e-10
73 0.5 3.33341e-10
74 0.5 3.4381e-10
75 0.5 3.54342e-10
76 0.5 3.64935e-10
77 0.5 3.75584e-10
78 0.5 3.86286e-10
79 0.5 3.97036e-10
80 0.5 4.07832e-10
81 0.5 4.1867e-10
82 0.5 4.29546e-10
83 0.5 4.40458e-10
84 0.5 4.51403e-10
85 0.5 4.62377e-10
86 0.5 4.73377e-10
87 0.5 4.84401e-10
88 0.5 4.95446e-10
89 0.5 5.0651e-10
90 0.5 5.1759e-10
91 0.5 5.28683e-10
92 0.5 5.39788e-10
93 0.5 5.50901e-10
94 0.5 5.62022e-10
95 0.5 5.73147e-10
96 0.5 5.84275e-10
97 0.5 5.95404e-10
98 0.5 6.06532e-10
99 0.5 6.17657e-10
100 0.5 6.28778e-10
1 0.6 1.50751e-50
2 0.6 3.58355e-31
3 0.6 1.48189e-24
4 0.6 3.5746e-21
5 0.6 4.22083e-19
6 0.6 1.08242e-17
7 0.6 1.14799e-16
8 0.6 6.96721e-16
9 0.6 2.90234e-15
10 0.6 9.26374e-15
11 0.6 2.43116e-14
12 0.6 5.50066e-14
13 0.6 1.10904e-13
14 0.6 2.04052e-13
15 0.6 3.48677e-13
16 0.6 5.60738e-13
17 0.6 8.57406e-13
18 0.6 1.25654e-12
19 0.6 1.77621e-12
20 0.6 2.43424e-12
21 0.6 3.24784e-12
22 0.6 4.23336e-12
23 0.6 5.406e-12
24 0.6 6.77967e-12
25 0.6 8.36692e-12
26 0.6 1.01788e-11
27 0.6 1.2225e-11
28 0.6 1.45136e-11
29 0.6 1.70514e-11
30 0.6 1.98437e-11
31 0.6 2.28947e-11
32 0.6 2.62072e-11
33 0.6 2.97829e-11
34 0.6 3.36225e-11
35 0.6 3.77257e-11
36 0.6 4.20915e-11
37 0.6 4.67179e-11
38 0.6 5.16022e-11
39 0.6 5.67412e-11
40 0.6 6.21311e-11
41 0.6 6.77676e-11
42 0.6 7.36459e-11
43 0.6 7.97611e-11
44 0.6 8.61077e-11
45 0.6 9.26801e-11
46 0.6 9.94725e-11
47 0.6 1.06479e-10
48 0.6 1.13693e-10
49 0.6 1.21109e-10
50 0.6 1.2872e-10
51 0.6 1.36519e-10
52 0.6 1.44502e-10
53 0.6 1.52661e-10
54 0.6 1.60989e-10
55 0.6 1.69481e-10
56 0.6 1.78131e-10
57 0.6 1.86932e-10
58 0.6 1.95878e-10
59 0.6 2.04963e-10
60 0.6 2.14182e-10
61 0.6 2.23528e-10
62 0.6 2.32997e-10
63 0.6 2.42581e-10
64 0.6 2.52277e-10
65 0.6 2.62079e-10
66 0.6 2.71981e-10
67 0.6 2.81979e-10
68 0.6 2.92067e-10
69 0.6 3.02242e-10
70 0.6 3.12497e-10
71 0.6 3.2283e-10
72 0.6 3.33235e-10
73 0.6 3.43708e-10
74 0.6 3.54245e-10
75 0.6 3.64842e-10
76 0.6 3.75495e-10
77 0.6 3.86201e-10
78 0.6 3.96956e-10
79 0.6 4.07755e-10
80 0.6 4.18597e-10
81 0.6 4.29477e-10
82 0.6 4.40393e-10
83 0.6 4.5134e-10
84 0.6 4.62318e-10
85 0.6 4.73321e-10
86 0.6 4.84348e-10
87 0.6 4.95397e-10
88 0.6 5.06463e-10
89 0.6 5.17546e-10
90 0.6 5.28642e-10
91 0.6 5.39749e-10
92 0.6 5.50865e-10
93 0.6 5.61988e-10
94 0.6 5.73115e-10
95 0.6 5.84246e-10
96 0.6 5.95377e-10
97 0.6 6.06507e-10
98 0.6 6.17634e-10
99 0.6 6.28757e-10
100 0.6 6.39873e-10
1 0.7 1.18567e-47
2 0.7 9.79411e-30
3 0.7 1.31949e-23
4 0.7 1.81479e-20
5 0.7 1.52854e-18
6 0.7 3.12766e-17
7 0.7 2.82187e-16
8 0.7 1.51649e-15
9 0.7 5.74555e-15
10 0.7 1.69948e-14
11 0.7 4.19007e-14
12 0.7 8.9983e-14
13 0.7 1.73568e-13
14 0.7 3.07434e-13
15 0.7 5.08278e-13
16 0.7 7.94114e-13
17 0.7 1.18366e-12
18 0.7 1.69577e-12
19 0.7 2.34897e-12
20 0.7 3.16106e-12
21 0.7 4.1488e-12
22 0.7 5.32769e-12
23 0.7 6.7118e-12
24 0.7 8.31373e-12
25 0.7 1.01445e-11
26 0.7 1.22136e-11
27 0.7 1.45289e-11
28 0.7 1.70971e-11
29 0.7 1.99231e-11
30 0.7 2.30101e-11
31 0.7 2.63626e-11
32 0.7 2.99801e-11
33 0.7 3.38635e-11
34 0.7 3.80123e-11
35 0.7 4.24251e-11
36 0.7 4.70997e-11
37 0.7 5.2033e-11
38 0.7 5.72218e-11
39 0.7 6.26618e-11
40 0.7 6.83486e-11
41 0.7 7.42774e-11
42 0.7 8.04428e-11
43 0.7 8.68393e-11
44 0.7 9.34611e-11
45 0.7 1.00302e-10
46 0.7 1.07357e-10
47 0.7 1.14618e-10
48 0.7 1.2208e-10
49 0.7 1.29737e-10
50 0.7 1.37581e-10
51 0.7 1.45607e-10
52 0.7 1.53808e-10
53 0.7 1.62178e-10
54 0.7 1.7071e-10
55 0.7 1.79399e-10
56 0.7 1.88238e-10
57 0.7 1.9722e-10
58 0.7 2.06341e-10
59 0.7 2.15594e-10
60 0.7 2.24973e-10
61 0.7 2.34473e-10
62 0.7 2.44088e-10
63 0.7 2.53813e-10
64 0.7 2.63643e-10
65 0.7 2.73573e-10
66 0.7 2.83596e-10
67 0.7 2.9371e-10
68 0.7 3.03908e-10
69 0.7 3.14186e-10
70 0.7 3.24541e-10
71 0.7 3.34966e-10
72 0.7 3.45459e-10
73 0.7 3.56015e-10
74 0.7 3.6663e-10
75 0.7 3.773e-10
76 0.7 3.88022e-10
77 0.7 3.98792e-10
78 0.7 4.09606e-10
79 0.7 4.20461e-10
80 0.7 4.31354e-10
81 0.7 4.42281e-10
82 0.7 4.5324e-10
83 0.7 4.64228e-10
84 0.7 4.75242e-10
85 0.7 4.86278e-10
86 0.7 4.97335e-10
87 0.7 5.08409e-10
88 0.7 5.19499e-10
89 0.7 5.30602e-10
90 0.7 5.41715e-10
91 0.7 5.52837e-10
92 0.7 5.63965e-10
93 0.7 5.75097e-10
94 0.7 5.86231e-10
95 0.7 5.97366e-10
96 0.7 6.08499e-10
97 0.7 6.19629e-10
98 0.7 6.30754e-10
99 0.7 6.41872e-10
100 0.7 6.52982e-10
1 0.8 7.28327e-45
2 0.8 2.3946e-28
3 0.8 1.09951e-22
4 0.8 8.81818e-20
5 0.8 5.36948e-18
6 0.8 8.84472e-17
7 0.8 6.8316e-16
8 0.8 3.26632e-15
9 0.8 1.12964e-14
10 0.8 3.10549e-14
11 0.8 7.21005e-14
12 0.8 1.47251e-13
13 0.8 2.72172e-13
14 0.8 4.6473e-13
15 0.8 7.44235e-13
16 0.8 1.1307e-12
17 0.8 1.6442e-12
18 0.8 2.30426e-12
19 0.8 3.1295e-12
20 0.8 4.13725e-12
21 0.8 5.34337e-12
22 0.8 6.76208e-12
23 0.8 8.40592e-12
24 0.8 1.02857e-11
25 0.8 1.24107e-11
26 0.8 1.47883e-11
27 0.8 1.74247e-11
28 0.8 2.03243e-11
29 0.8 2.34903e-11
30 0.8 2.69248e-11
31 0.8 3.06286e-11
32 0.8 3.46015e-11
33 0.8 3.88423e-11
34 0.8 4.33491e-11
35 0.8 4.81193e-11
36 0.8 5.31493e-11
37 0.8 5.84354e-11
38 0.8 6.3973e-11
39 0.8 6.97573e-11
40 0.8 7.57832e-11
41 0.8 8.2045e-11
42 0.8 8.85369e-11
43 0.8 9.52529e-11
44 0.8 1.02187e-10
45 0.8 1.09333e-10
46 0.8 1.16684e-10
47 0.8 1.24233e-10
48 0.8 1.31976e-10
49 0.8 1.39904e-10
50 0.8 1.48011e-10
51 0.8 1.56291e-10
52 0.8 1.64738e-10
53 0.8 1.73345e-10
54 0.8 1.82106e-10
55 0.8 1.91014e-10
56 0.8 2.00064e-10
57 0.8 2.0925e-10
58 0.8 2.18566e-10
59 0.8 2.28006e-10
60 0.8 2.37564e-10
61 0.8 2.47236e-10
62 0.8 2.57015e-10
63 0.8 2.66896e-10
64 0.8 2.76875e-10
65 0.8 2.86946e-10
66 0.8 2.97105e-10
67 0.8 3.07346e-10
68 0.8 3.17666e-10
69 0.8 3.28059e-10
70 0.8 3.38523e-10
71 0.8 3.49051e-10
72 0.8 3.59641e-10
73 0.8 3.70288e-10
74 0.8 3.80988e-10
75 0.8 3.91739e-10
76 0.8 4.02535e-10
77 0.8 4.13375e-10
78 0.8 4.24254e-10
79 0.8 4.35169e-10
80 0.8 4.46118e-10
81 0.8 4.57097e-10
82 0.8 4.68103e-10
83 0.8 4.79133e-10
84 0.8 4.90185e-10
85 0.8 5.01257e-10
86 0.8 5.12345e-10
87 0.8 5.23447e-10
88 0.8 5.34561e-10
89 0.8 5.45684e-10
90 0.8 5.56815e-10
91 0.8 5.67951e-10
92 0.8 5.7909e-10
93 0.8 5.90231e-10
94 0.8 6.01371e-10
95 0.8 6.12509e-10
96 0.8 6.23642e-10
97 0.8 6.3477e-10
98 0.8 6.4589e-10
99 0.8 6.57002e-10
100 0.8 6.68103e-10
1 0.9 3.47847e-42
2 0.9 5.21357e-27
3 0.9 8.53484e-22
4 0.9 4.08199e-19
5 0.9 1.82114e-17
6 0.9 2.43646e-16
7 0.9 1.62128e-15
8 0.9 6.92905e-15
9 0.9 2.19546e-14
10 0.9 5.62576e-14
11 0.9 1.23286e-13
12 0.9 2.39917e-13
13 0.9 4.25636e-13
14 0.9 7.01574e-13
15 0.9 1.08957e-12
16 0.9 1.61137e-12
17 0.9 2.28794e-12
18 0.9 3.13898e-12
19 0.9 4.18262e-12
20 0.9 5.43515e-12
21 0.9 6.91097e-12
22 0.9 8.6225e-12
23 0.9 1.05803e-11
24 0.9 1.27929e-11
25 0.9 1.52674e-11
26 0.9 1.8009e-11
27 0.9 2.10215e-11
28 0.9 2.43072e-11
29 0.9 2.78672e-11
30 0.9 3.17017e-11
31 0.9 3.58095e-11
32 0.9 4.01887e-11
33 0.9 4.48367e-11
34 0.9 4.975e-11
35 0.9 5.49245e-11
36 0.9 6.03558e-11
37 0.9 6.60389e-11
38 0.9 7.19684e-11
39 0.9 7.81385e-11
40 0.9 8.45434e-11
41 0.9 9.11768e-11
42 0.9 9.80325e-11
43 0.9 1.05104e-10
44 0.9 1.12385e-10
45 0.9 1.19868e-10
46 0.9 1.27547e-10
47 0.9 1.35416e-10
48 0.9 1.43467e-10
49 0.9 1.51694e-10
50 0.9 1.60091e-10
51 0.9 1.68651e-10
52 0.9 1.77368e-10
53 0.9 1.86235e-10
54 0.9 1.95246e-10
55 0.9 2.04396e-10
56 0.9 2.13678e-10
57 0.9 2.23086e-10
58 0.9 2.32615e-10
59 0.9 2.42258e-10
60 0.9 2.52012e-10
61 0.9 2.6187e-10
62 0.9 2.71827e-10
63 0.9 2.81878e-10
64 0.9 2.92019e-10
65 0.9 3.02243e-10
66 0.9 3.12548e-10
67 0.9 3.22928e-10
68 0.9 3.33379e-10
69 0.9 3.43896e-10
70 0.9 3.54477e-10
71 0.9 3.65115e-10
72 0.9 3.75809e-10
73 0.9 3.86554e-10
74 0.9 3.97346e-10
75 0.9 4.08182e-10
76 0.9 4.19058e-10
77 0.9 4.29972e-10
78 0.9 4.4092e-10
79 0.9 4.51899e-10
80 0.9 4.62906e-10
81 0.9 4.73938e-10
82 0.9 4.84993e-10
83 0.9 4.96068e-10
84 0.9 5.0716e-10
85 0.9 5.18267e-10
86 0.9 5.29387e-10
87 0.9 5.40517e-10
88 0.9 5.51654e-10
89 0.9 5.62798e-10
90 0.9 5.73945e-10
91 0.9 5.85095e-10
92 0.9 5.96244e-10
93 0.9 6.07391e-10
94 0.9 6.18535e-10
95 0.9 6.29673e-10
96 0.9 6.40804e-10
97 0.9 6.51927e-10
98 0.9 6.6304e-10
99 0.9 6.74142e-10
100 0.9 6.8523e-10
1 1 1.28788e-39
2 1 1.00781e-25
3 1 6.15289e-21
4 1 1.79464e-18
5 1 5.9452e-17
6 1 6.5177e-16
7 1 3.75999e-15
8 1 1.44317e-14
9 1 4.20451e-14
10 1 1.00714e-13
11 1 2.0882e-13
12 1 3.87965e-13
13 1 6.61713e-13
14 1 1.05436e-12
15 1 1.58989e-12
16 1 2.29118e-12
17 1 3.1794e-12
18 1 4.27367e-12
19 1 5.59087e-12
20 1 7.14555e-12
21 1 8.94997e-12
22 1 1.10142e-11
23 1 1.33462e-11
24 1 1.59519e-11
25 1 1.88358e-11
26 1 2.20005e-11
27 1 2.54473e-11
28 1 2.91761e-11
29 1 3.31859e-11
30 1 3.74744e-11
31 1 4.20389e-11
32 1 4.68755e-11
33 1 5.198e-11
34 1 5.73474e-11
35 1 6.29723e-11
36 1 6.88491e-11
37 1 7.49717e-11
38 1 8.13338e-11
39 1 8.79289e-11
40 1 9.47504e-11
41 1 1.01791e-10
42 1 1.09045e-10
43 1 1.16505e-10
44 1 1.24163e-10
45 1 1.32014e-10
46 1 1.4005e-10
47 1 1.48265e-10
48 1 1.56651e-10
49 1 1.65202e-10
50 1 1.73912e-10
51 1 1.82774e-10
52 1 1.91782e-10
53 1 2.00929e-10
54 1 2.1021e-10
55 1 2.19618e-10
56 1 2.29149e-10
57 1 2.38795e-10
58 1 2.48552e-10
59 1 2.58414e-10
60 1 2.68376e-10
61 1 2.78433e-10
62 1 2.88579e-10
63 1 2.98811e-10
64 1 3.09123e-10
65 1 3.19511e-10
66 1 3.29971e-10
67 1 3.40497e-10
68 1 3.51086e-10
69 1 3.61735e-10
70 1 3.72438e-10
71 1 3.83193e-10
72 1 3.93996e-10
73 1 4.04842e-10
74 1 4.1573e-10
75 1 4.26655e-10
76 1 4.37614e-10
77 1 4.48605e-10
78 1 4.59624e-10
79 1 4.70668e-10
80 1 4.81735e-10
81 1 4.92822e-10
82 1 5.03926e-10
83 1 5.15046e-10
84 1 5.26178e-10
85 1 5.3732e-10
86 1 5.4847e-10
87 1 5.59626e-10
88 1 5.70786e-10
89 1 5.81949e-10
90 1 5.93111e-10
91 1 6.04271e-10
92 1 6.15427e-10
93 1 6.26579e-10
94 1 6.37723e-10
95 1 6.48859e-10
96 1 6.59985e-10
97 1 6.71099e-10
98 1 6.82201e-10
99 1 6.93288e-10
100 1 7.0436e-10
