1 0 3.55451e-28
2 0 1.25081e-18
3 0 2.27067e-15
4 0 1.04649e-13
5 0 1.08787e-12
6 0 5.32114e-12
7 0 1.68319e-11
8 0 4.04229e-11
9 0 8.06353e-11
10 0 1.4107e-10
11 0 2.24129e-10
12 0 3.31046e-10
13 0 4.62061e-10
14 0 6.16644e-10
15 0 7.9371e-10
16 0 9.91805e-10
17 0 1.20925e-09
18 0 1.44428e-09
19 0 1.69506e-09
20 0 1.95983e-09
21 0 2.23687e-09
22 0 2.52457e-09
23 0 2.82143e-09
24 0 3.12604e-09
25 0 3.43713e-09
26 0 3.75354e-09
27 0 4.0742e-09
28 0 4.39816e-09
29 0 4.72457e-09
30 0 5.05265e-09
31 0 5.38172e-09
32 0 5.71116e-09
33 0 6.04042e-09
34 0 6.36902e-09
35 0 6.69653e-09
36 0 7.02258e-09
37 0 7.34682e-09
38 0 7.66898e-09
39 0 7.98879e-09
40 0 8.30603e-09
41 0 8.62052e-09
42 0 8.93209e-09
43 0 9.24059e-09
44 0 9.5459e-09
45 0 9.84794e-09
46 0 1.01466e-08
47 0 1.04418e-08
48 0 1.07336e-08
49 0 1.10218e-08
50 0 1.13065e-08
51 0 1.15875e-08
52 0 1.1865e-08
53 0 1.21389e-08
54 0 1.24092e-08
55 0 1.26759e-08
56 0 1.2939e-08
57 0 1.31985e-08
58 0 1.34545e-08
59 0 1.3707e-08
60 0 1.39561e-08
61 0 1.42016e-08
62 0 1.44438e-08
63 0 1.46825e-08
64 0 1.4918e-08
65 0 1.51501e-08
66 0 1.53789e-08
67 0 1.56045e-08
68 0 1.5827e-08
69 0 1.60463e-08
70 0 1.62625e-08
71 0 1.64756e-08
72 0 1.66857e-08
73 0 1.68929e-08
74 0 1.70971e-08
75 0 1.72985e-08
76 0 1.7497e-08
77 0 1.76928e-08
78 0 1.78858e-08
79 0 1.8076e-08
80 0 1.82637e-08
81 0 1.84487e-08
82 0 1.86311e-08
83 0 1.8811e-08
84 0 1.89884e-08
85 0 1.91633e-08
86 0 1.93358e-08
87 0 1.9506e-08
88 0 1.96738e-08
89 0 1.98393e-08
90 0 2.00026e-08
91 0 2.01636e-08
92 0 2.03224e-08
93 0 2.04791e-08
94 0 2.06337e-08
95 0 2.07862e-08
96 0 2.09367e-08
97 0 2.10851e-08
98 0 2.12316e-08
99 0 2.13761e-08
100 0 2.15187e-08
1 0.1 4.43785e-27
2 0.1 2.91026e-18
3 0.1 3.44482e-15
4 0.1 1.34063e-13
5 0.1 1.28218e-12
6 0.1 5.98297e-12
7 0.1 1.83805e-11
8 0.1 4.32951e-11
9 0.1 8.52046e-11
10 0.1 1.47607e-10
11 0.1 2.32794e-10
12 0.1 3.41899e-10
13 0.1 4.75085e-10
14 0.1 6.3176e-10
15 0.1 8.108e-10
16 0.1 1.01073e-09
17 0.1 1.22985e-09
18 0.1 1.46637e-09
19 0.1 1.7185e-09
20 0.1 1.98446e-09
21 0.1 2.26253e-09
22 0.1 2.55113e-09
23 0.1 2.84874e-09
24 0.1 3.154e-09
25 0.1 3.46562e-09
26 0.1 3.78245e-09
27 0.1 4.10346e-09
28 0.1 4.42768e-09
29 0.1 4.75427e-09
30 0.1 5.08247e-09
31 0.1 5.4116e-09
32 0.1 5.74104e-09
33 0.1 6.07026e-09
34 0.1 6.39878e-09
35 0.1 6.72617e-09
36 0.1 7.05207e-09
37 0.1 7.37614e-09
38 0.1 7.69809e-09
39 0.1 8.01768e-09
40 0.1 8.33468e-09
41 0.1 8.64891e-09
42 0.1 8.9602e-09
43 0.1 9.26842e-09
44 0.1 9.57344e-09
45 0.1 9.87518e-09
46 0.1 1.01735e-08
47 0.1 1.04685e-08
48 0.1 1.07599e-08
49 0.1 1.10478e-08
50 0.1 1.13321e-08
51 0.1 1.16129e-08
52 0.1 1.189e-08
53 0.1 1.21636e-08
54 0.1 1.24335e-08
55 0.1 1.26999e-08
56 0.1 1.29627e-08
57 0.1 1.32219e-08
58 0.1 1.34776e-08
59 0.1 1.37298e-08
60 0.1 1.39785e-08
61 0.1 1.42237e-08
62 0.1 1.44656e-08
63 0.1 1.4704e-08
64 0.1 1.49392e-08
65 0.1 1.5171e-08
66 0.1 1.53995e-08
67 0.1 1.56248e-08
68 0.1 1.5847e-08
69 0.1 1.6066e-08
70 0.1 1.62819e-08
71 0.1 1.64948e-08
72 0.1 1.67046e-08
73 0.1 1.69115e-08
74 0.1 1.71155e-08
75 0.1 1.73166e-08
76 0.1 1.75149e-08
77 0.1 1.77104e-08
78 0.1 1.79031e-08
79 0.1 1.80932e-08
80 0.1 1.82806e-08
81 0.1 1.84653e-08
82 0.1 1.86475e-08
83 0.1 1.88272e-08
84 0.1 1.90043e-08
85 0.1 1.91791e-08
86 0.1 1.93514e-08
87 0.1 1.95213e-08
88 0.1 1.96889e-08
89 0.1 1.98542e-08
90 0.1 2.00173e-08
91 0.1 2.01781e-08
92 0.1 2.03367e-08
93 0.1 2.04932e-08
94 0.1 2.06476e-08
95 0.1 2.07999e-08
96 0.1 2.09502e-08
97 0.1 2.10985e-08
98 0.1 2.12448e-08
99 0.1 2.13891e-08
100 0.1 2.15315e-08
1 0.2 2.1067e-25
2 0.2 1.53163e-17
3 0.2 8.86922e-15
4 0.2 2.46873e-13
5 0.2 1.96342e-12
6 0.2 8.19113e-12
7 0.2 2.33945e-11
8 0.2 5.24144e-11
9 0.2 9.95203e-11
10 0.2 1.67894e-10
11 0.2 2.59498e-10
12 0.2 3.75175e-10
13 0.2 5.14854e-10
14 0.2 6.77774e-10
15 0.2 8.62693e-10
16 0.2 1.06806e-09
17 0.2 1.29214e-09
18 0.2 1.53314e-09
19 0.2 1.78924e-09
20 0.2 2.0587e-09
21 0.2 2.33983e-09
22 0.2 2.63106e-09
23 0.2 2.93092e-09
24 0.2 3.23806e-09
25 0.2 3.55124e-09
26 0.2 3.86933e-09
27 0.2 4.19132e-09
28 0.2 4.51629e-09
29 0.2 4.84341e-09
30 0.2 5.17195e-09
31 0.2 5.50123e-09
32 0.2 5.83068e-09
33 0.2 6.15976e-09
34 0.2 6.48803e-09
35 0.2 6.81506e-09
36 0.2 7.1405e-09
37 0.2 7.46402e-09
38 0.2 7.78536e-09
39 0.2 8.10427e-09
40 0.2 8.42054e-09
41 0.2 8.73399e-09
42 0.2 9.04446e-09
43 0.2 9.35182e-09
44 0.2 9.65596e-09
45 0.2 9.95679e-09
46 0.2 1.02542e-08
47 0.2 1.05482e-08
48 0.2 1.08387e-08
49 0.2 1.11256e-08
50 0.2 1.1409e-08
51 0.2 1.16887e-08
52 0.2 1.19649e-08
53 0.2 1.22375e-08
54 0.2 1.25064e-08
55 0.2 1.27718e-08
56 0.2 1.30337e-08
57 0.2 1.32919e-08
58 0.2 1.35467e-08
59 0.2 1.37979e-08
60 0.2 1.40457e-08
61 0.2 1.429e-08
62 0.2 1.45309e-08
63 0.2 1.47684e-08
64 0.2 1.50026e-08
65 0.2 1.52336e-08
66 0.2 1.54612e-08
67 0.2 1.56857e-08
68 0.2 1.5907e-08
69 0.2 1.61251e-08
70 0.2 1.63402e-08
71 0.2 1.65523e-08
72 0.2 1.67613e-08
73 0.2 1.69674e-08
74 0.2 1.71706e-08
75 0.2 1.73709e-08
76 0.2 1.75684e-08
77 0.2 1.77632e-08
78 0.2 1.79552e-08
79 0.2 1.81445e-08
80 0.2 1.83312e-08
81 0.2 1.85152e-08
82 0.2 1.86967e-08
83 0.2 1.88757e-08
84 0.2 1.90522e-08
85 0.2 1.92262e-08
86 0.2 1.93979e-08
87 0.2 1.95672e-08
88 0.2 1.97342e-08
89 0.2 1.98989e-08
90 0.2 2.00613e-08
91 0.2 2.02215e-08
92 0.2 2.03796e-08
93 0.2 2.05355e-08
94 0.2 2.06893e-08
95 0.2 2.08411e-08
96 0.2 2.09908e-08
97 0.2 2.11385e-08
98 0.2 2.12843e-08
99 0.2 2.14281e-08
100 0.2 2.157e-08
1 0.3 1.02524e-23
2 0.3 9.39838e-17
3 0.3 2.71853e-14
4 0.3 5.35054e-13
5 0.3 3.46731e-12
6 0.3 1.26687e-11
7 0.3 3.30336e-11
8 0.3 6.93358e-11
9 0.3 1.25439e-10
10 0.3 2.0398e-10
11 0.3 3.0638e-10
12 0.3 4.33016e-10
13 0.3 5.83452e-10
14 0.3 7.56663e-10
15 0.3 9.5123e-10
16 0.3 1.16549e-09
17 0.3 1.39766e-09
18 0.3 1.64593e-09
19 0.3 1.90849e-09
20 0.3 2.18362e-09
21 0.3 2.46969e-09
22 0.3 2.76517e-09
23 0.3 3.06863e-09
24 0.3 3.37879e-09
25 0.3 3.69445e-09
26 0.3 4.01454e-09
27 0.3 4.33808e-09
28 0.3 4.66421e-09
29 0.3 4.99214e-09
30 0.3 5.32116e-09
31 0.3 5.65065e-09
32 0.3 5.98005e-09
33 0.3 6.30886e-09
34 0.3 6.63666e-09
35 0.3 6.96305e-09
36 0.3 7.28769e-09
37 0.3 7.61028e-09
38 0.3 7.93057e-09
39 0.3 8.24833e-09
40 0.3 8.56336e-09
41 0.3 8.8755e-09
42 0.3 9.18459e-09
43 0.3 9.49051e-09
44 0.3 9.79317e-09
45 0.3 1.00925e-08
46 0.3 1.03883e-08
47 0.3 1.06807e-08
48 0.3 1.09696e-08
49 0.3 1.12549e-08
50 0.3 1.15367e-08
51 0.3 1.18148e-08
52 0.3 1.20893e-08
53 0.3 1.23603e-08
54 0.3 1.26276e-08
55 0.3 1.28914e-08
56 0.3 1.31516e-08
57 0.3 1.34083e-08
58 0.3 1.36614e-08
59 0.3 1.39111e-08
60 0.3 1.41573e-08
61 0.3 1.44e-08
62 0.3 1.46394e-08
63 0.3 1.48754e-08
64 0.3 1.51081e-08
65 0.3 1.53376e-08
66 0.3 1.55638e-08
67 0.3 1.57868e-08
68 0.3 1.60066e-08
69 0.3 1.62234e-08
70 0.3 1.64371e-08
71 0.3 1.66478e-08
72 0.3 1.68555e-08
73 0.3 1.70602e-08
74 0.3 1.72621e-08
75 0.3 1.74612e-08
76 0.3 1.76574e-08
77 0.3 1.78509e-08
78 0.3 1.80417e-08
79 0.3 1.82298e-08
80 0.3 1.84152e-08
81 0.3 1.85981e-08
82 0.3 1.87785e-08
83 0.3 1.89563e-08
84 0.3 1.91317e-08
85 0.3 1.93047e-08
86 0.3 1.94752e-08
87 0.3 1.96435e-08
88 0.3 1.9809e-08
89 0.3 1.99731e-08
90 0.3 2.01345e-08
91 0.3 2.02937e-08
92 0.3 2.04508e-08
93 0.3 2.06058e-08
94 0.3 2.07586e-08
95 0.3 2.09095e-08
96 0.3 2.10583e-08
97 0.3 2.12051e-08
98 0.3 2.13499e-08
99 0.3 2.14929e-08
100 0.3 2.16339e-08
1 0.4 4.32079e-22
2 0.4 5.71297e-16
3 0.4 8.62046e-14
4 0.4 1.22209e-12
5 0.4 6.49742e-12
6 0.4 2.08073e-11
7 0.4 4.94154e-11
8 0.4 9.68025e-11
9 0.4 1.66159e-10
10 0.4 2.59337e-10
11 0.4 3.7702e-10
12 0.4 5.18978e-10
13 0.4 6.84311e-10
14 0.4 8.71669e-10
15 0.4 1.07942e-09
16 0.4 1.30577e-09
17 0.4 1.5489e-09
18 0.4 1.80696e-09
19 0.4 2.0782e-09
20 0.4 2.36093e-09
21 0.4 2.65358e-09
22 0.4 2.9547e-09
23 0.4 3.26293e-09
24 0.4 3.57705e-09
25 0.4 3.89595e-09
26 0.4 4.21862e-09
27 0.4 4.54416e-09
28 0.4 4.87174e-09
29 0.4 5.20064e-09
30 0.4 5.53021e-09
31 0.4 5.85986e-09
32 0.4 6.18909e-09
33 0.4 6.51743e-09
34 0.4 6.84449e-09
35 0.4 7.1699e-09
36 0.4 7.49336e-09
37 0.4 7.8146e-09
38 0.4 8.13337e-09
39 0.4 8.44947e-09
40 0.4 8.76273e-09
41 0.4 9.07299e-09
42 0.4 9.38012e-09
43 0.4 9.68401e-09
44 0.4 9.98457e-09
45 0.4 1.02817e-08
46 0.4 1.05754e-08
47 0.4 1.08656e-08
48 0.4 1.11522e-08
49 0.4 1.14353e-08
50 0.4 1.17147e-08
51 0.4 1.19906e-08
52 0.4 1.22628e-08
53 0.4 1.25315e-08
54 0.4 1.27966e-08
55 0.4 1.30581e-08
56 0.4 1.3316e-08
57 0.4 1.35704e-08
58 0.4 1.38213e-08
59 0.4 1.40688e-08
60 0.4 1.43128e-08
61 0.4 1.45534e-08
62 0.4 1.47906e-08
63 0.4 1.50245e-08
64 0.4 1.52551e-08
65 0.4 1.54825e-08
66 0.4 1.57067e-08
67 0.4 1.59276e-08
68 0.4 1.61455e-08
69 0.4 1.63603e-08
70 0.4 1.65721e-08
71 0.4 1.67808e-08
72 0.4 1.69867e-08
73 0.4 1.71896e-08
74 0.4 1.73896e-08
75 0.4 1.75869e-08
76 0.4 1.77814e-08
77 0.4 1.79731e-08
78 0.4 1.81622e-08
79 0.4 1.83486e-08
80 0.4 1.85324e-08
81 0.4 1.87137e-08
82 0.4 1.88924e-08
83 0.4 1.90687e-08
84 0.4 1.92425e-08
85 0.4 1.94139e-08
86 0.4 1.9583e-08
87 0.4 1.97497e-08
88 0.4 1.99142e-08
89 0.4 2.00765e-08
90 0.4 2.02365e-08
91 0.4 2.03943e-08
92 0.4 2.055e-08
93 0.4 2.07037e-08
94 0.4 2.08552e-08
95 0.4 2.10048e-08
96 0.4 2.11523e-08
97 0.4 2.12978e-08
98 0.4 2.14415e-08
99 0.4 2.15832e-08
100 0.4 2.17231e-08
1 0.5 1.4971e-20
2 0.5 3.26506e-15
3 0.5 2.68571e-13
4 0.5 2.80187e-12
5 0.5 1.23689e-11
6 0.5 3.49537e-11
7 0.5 7.58812e-11
8 0.5 1.38953e-10
9 0.5 2.26359e-10
10 0.5 3.38927e-10
11 0.5 4.76451e-10
12 0.5 6.37997e-10
13 0.5 8.22152e-10
14 0.5 1.02721e-09
15 0.5 1.25133e-09
16 0.5 1.49261e-09
17 0.5 1.74917e-09
18 0.5 2.01919e-09
19 0.5 2.30097e-09
20 0.5 2.59288e-09
21 0.5 2.89345e-09
22 0.5 3.2013e-09
23 0.5 3.51519e-09
24 0.5 3.83399e-09
25 0.5 4.15667e-09
26 0.5 4.48231e-09
27 0.5 4.81008e-09
28 0.5 5.13925e-09
29 0.5 5.46915e-09
30 0.5 5.79919e-09
31 0.5 6.12885e-09
32 0.5 6.45768e-09
33 0.5 6.78525e-09
34 0.5 7.11121e-09
35 0.5 7.43525e-09
36 0.5 7.75708e-09
37 0.5 8.07648e-09
38 0.5 8.39321e-09
39 0.5 8.70712e-09
40 0.5 9.01804e-09
41 0.5 9.32583e-09
42 0.5 9.63039e-09
43 0.5 9.93163e-09
44 0.5 1.02295e-08
45 0.5 1.05238e-08
46 0.5 1.08147e-08
47 0.5 1.1102e-08
48 0.5 1.13857e-08
49 0.5 1.16659e-08
50 0.5 1.19424e-08
51 0.5 1.22153e-08
52 0.5 1.24846e-08
53 0.5 1.27503e-08
54 0.5 1.30125e-08
55 0.5 1.32711e-08
56 0.5 1.35261e-08
57 0.5 1.37776e-08
58 0.5 1.40257e-08
59 0.5 1.42703e-08
60 0.5 1.45115e-08
61 0.5 1.47493e-08
62 0.5 1.49838e-08
63 0.5 1.5215e-08
64 0.5 1.5443e-08
65 0.5 1.56677e-08
66 0.5 1.58892e-08
67 0.5 1.61076e-08
68 0.5 1.6323e-08
69 0.5 1.65353e-08
70 0.5 1.67445e-08
71 0.5 1.69509e-08
72 0.5 1.71543e-08
73 0.5 1.73549e-08
74 0.5 1.75526e-08
75 0.5 1.77475e-08
76 0.5 1.79398e-08
77 0.5 1.81293e-08
78 0.5 1.83162e-08
79 0.5 1.85004e-08
80 0.5 1.86821e-08
81 0.5 1.88613e-08
82 0.5 1.9038e-08
83 0.5 1.92122e-08
84 0.5 1.93841e-08
85 0.5 1.95536e-08
86 0.5 1.97207e-08
87 0.5 1.98856e-08
88 0.5 2.00482e-08
89 0.5 2.02086e-08
90 0.5 2.03668e-08
91 0.5 2.05229e-08
92 0.5 2.06769e-08
93 0.5 2.08288e-08
94 0.5 2.09787e-08
95 0.5 2.11266e-08
96 0.5 2.12725e-08
97 0.5 2.14164e-08
98 0.5 2.15585e-08
99 0.5 2.16987e-08
100 0.5 2.1837e-08
1 0.6 4.17123e-19
2 0.6 1.71523e-14
3 0.6 8.03535e-13
4 0.6 6.30308e-12
5 0.6 2.3397e-11
6 0.6 5.88186e-11
7 0.6 1.17344e-10
8 0.6 2.0157e-10
9 0.6 3.1234e-10
10 0.6 4.49261e-10
11 0.6 6.11144e-10
12 0.6 7.96322e-10
13 0.6 1.00287e-09
14 0.6 1.22877e-09
15 0.6 1.47198e-09
16 0.6 1.73052e-09
17 0.6 2.0025e-09
18 0.6 2.28618e-09
19 0.6 2.5799e-09
20 0.6 2.88215e-09
21 0.6 3.19157e-09
22 0.6 3.5069e-09
23 0.6 3.82702e-09
24 0.6 4.1509e-09
25 0.6 4.47762e-09
26 0.6 4.80637e-09
27 0.6 5.13641e-09
28 0.6 5.4671e-09
29 0.6 5.79785e-09
30 0.6 6.12814e-09
31 0.6 6.45752e-09
32 0.6 6.78559e-09
33 0.6 7.11199e-09
34 0.6 7.43641e-09
35 0.6 7.75859e-09
36 0.6 8.07828e-09
37 0.6 8.39528e-09
38 0.6 8.70941e-09
39 0.6 9.02052e-09
40 0.6 9.32849e-09
41 0.6 9.6332e-09
42 0.6 9.93456e-09
43 0.6 1.02325e-08
44 0.6 1.0527e-08
45 0.6 1.08179e-08
46 0.6 1.11052e-08
47 0.6 1.1389e-08
48 0.6 1.16692e-08
49 0.6 1.19457e-08
50 0.6 1.22187e-08
51 0.6 1.2488e-08
52 0.6 1.27537e-08
53 0.6 1.30158e-08
54 0.6 1.32744e-08
55 0.6 1.35295e-08
56 0.6 1.3781e-08
57 0.6 1.4029e-08
58 0.6 1.42736e-08
59 0.6 1.45148e-08
60 0.6 1.47526e-08
61 0.6 1.4987e-08
62 0.6 1.52182e-08
63 0.6 1.54461e-08
64 0.6 1.56708e-08
65 0.6 1.58923e-08
66 0.6 1.61106e-08
67 0.6 1.63259e-08
68 0.6 1.65382e-08
69 0.6 1.67474e-08
70 0.6 1.69537e-08
71 0.6 1.71571e-08
72 0.6 1.73576e-08
73 0.6 1.75553e-08
74 0.6 1.77502e-08
75 0.6 1.79424e-08
76 0.6 1.81319e-08
77 0.6 1.83187e-08
78 0.6 1.85029e-08
79 0.6 1.86846e-08
80 0.6 1.88637e-08
81 0.6 1.90404e-08
82 0.6 1.92146e-08
83 0.6 1.93864e-08
84 0.6 1.95558e-08
85 0.6 1.97229e-08
86 0.6 1.98878e-08
87 0.6 2.00503e-08
88 0.6 2.02107e-08
89 0.6 2.03689e-08
90 0.6 2.0525e-08
91 0.6 2.06789e-08
92 0.6 2.08308e-08
93 0.6 2.09806e-08
94 0.6 2.11285e-08
95 0.6 2.12743e-08
96 0.6 2.14183e-08
97 0.6 2.15603e-08
98 0.6 2.17004e-08
99 0.6 2.18388e-08
100 0.6 2.19753e-08
1 0.7 9.24503e-18
2 0.7 8.18882e-14
3 0.7 2.28189e-12
4 0.7 1.37489e-11
5 0.7 4.34574e-11
6 0.7 9.79893e-11
7 0.7 1.80678e-10
8 0.7 2.92333e-10
9 0.7 4.3215e-10
10 0.7 5.9841e-10
11 0.7 7.88939e-10
12 0.7 1.00139e-09
13 0.7 1.23339e-09
14 0.7 1.48267e-09
15 0.7 1.74708e-09
16 0.7 2.02462e-09
17 0.7 2.31344e-09
18 0.7 2.61189e-09
19 0.7 2.91843e-09
20 0.7 3.2317e-09
21 0.7 3.55046e-09
22 0.7 3.87359e-09
23 0.7 4.20012e-09
24 0.7 4.52914e-09
25 0.7 4.85986e-09
26 0.7 5.19159e-09
27 0.7 5.52368e-09
28 0.7 5.8556e-09
29 0.7 6.18684e-09
30 0.7 6.51698e-09
31 0.7 6.84563e-09
32 0.7 7.17245e-09
33 0.7 7.49715e-09
34 0.7 7.81949e-09
35 0.7 8.13922e-09
36 0.7 8.45616e-09
37 0.7 8.77015e-09
38 0.7 9.08105e-09
39 0.7 9.38872e-09
40 0.7 9.69308e-09
41 0.7 9.99404e-09
42 0.7 1.02915e-08
43 0.7 1.05855e-08
44 0.7 1.08759e-08
45 0.7 1.11627e-08
46 0.7 1.14459e-08
47 0.7 1.17255e-08
48 0.7 1.20014e-08
49 0.7 1.22737e-08
50 0.7 1.25424e-08
51 0.7 1.28075e-08
52 0.7 1.3069e-08
53 0.7 1.33269e-08
54 0.7 1.35812e-08
55 0.7 1.38321e-08
56 0.7 1.40795e-08
57 0.7 1.43234e-08
58 0.7 1.45639e-08
59 0.7 1.4801e-08
60 0.7 1.50348e-08
61 0.7 1.52653e-08
62 0.7 1.54926e-08
63 0.7 1.57166e-08
64 0.7 1.59375e-08
65 0.7 1.61552e-08
66 0.7 1.63699e-08
67 0.7 1.65815e-08
68 0.7 1.67901e-08
69 0.7 1.69958e-08
70 0.7 1.71986e-08
71 0.7 1.73985e-08
72 0.7 1.75956e-08
73 0.7 1.779e-08
74 0.7 1.79816e-08
75 0.7 1.81705e-08
76 0.7 1.83568e-08
77 0.7 1.85405e-08
78 0.7 1.87216e-08
79 0.7 1.89002e-08
80 0.7 1.90764e-08
81 0.7 1.92501e-08
82 0.7 1.94214e-08
83 0.7 1.95903e-08
84 0.7 1.97569e-08
85 0.7 1.99213e-08
86 0.7 2.00834e-08
87 0.7 2.02433e-08
88 0.7 2.0401e-08
89 0.7 2.05567e-08
90 0.7 2.07102e-08
91 0.7 2.08616e-08
92 0.7 2.1011e-08
93 0.7 2.11584e-08
94 0.7 2.13039e-08
95 0.7 2.14474e-08
96 0.7 2.15891e-08
97 0.7 2.17288e-08
98 0.7 2.18668e-08
99 0.7 2.20029e-08
100 0.7 2.21372e-08
1 0.8 1.62133e-16
2 0.8 3.53147e-13
3 0.8 6.11125e-12
4 0.8 2.88861e-11
5 0.8 7.87174e-11
6 0.8 1.60505e-10
7 0.8 2.75095e-10
8 0.8 4.21e-10
9 0.8 5.95617e-10
10 0.8 7.95931e-10
11 0.8 1.0189e-09
12 0.8 1.26162e-09
13 0.8 1.52143e-09
14 0.8 1.79591e-09
15 0.8 2.08289e-09
16 0.8 2.38043e-09
17 0.8 2.68681e-09
18 0.8 3.00051e-09
19 0.8 3.32016e-09
20 0.8 3.64456e-09
21 0.8 3.97263e-09
22 0.8 4.30344e-09
23 0.8 4.63615e-09
24 0.8 4.97e-09
25 0.8 5.30435e-09
26 0.8 5.63861e-09
27 0.8 5.97228e-09
28 0.8 6.3049e-09
29 0.8 6.63608e-09
30 0.8 6.96547e-09
31 0.8 7.29277e-09
32 0.8 7.61771e-09
33 0.8 7.94006e-09
34 0.8 8.25963e-09
35 0.8 8.57624e-09
36 0.8 8.88975e-09
37 0.8 9.20004e-09
38 0.8 9.507e-09
39 0.8 9.81054e-09
40 0.8 1.01106e-08
41 0.8 1.04071e-08
42 0.8 1.07e-08
43 0.8 1.09893e-08
44 0.8 1.1275e-08
45 0.8 1.1557e-08
46 0.8 1.18354e-08
47 0.8 1.211e-08
48 0.8 1.23811e-08
49 0.8 1.26485e-08
50 0.8 1.29122e-08
51 0.8 1.31724e-08
52 0.8 1.3429e-08
53 0.8 1.36821e-08
54 0.8 1.39316e-08
55 0.8 1.41776e-08
56 0.8 1.44202e-08
57 0.8 1.46594e-08
58 0.8 1.48953e-08
59 0.8 1.51278e-08
60 0.8 1.5357e-08
61 0.8 1.5583e-08
62 0.8 1.58057e-08
63 0.8 1.60254e-08
64 0.8 1.62419e-08
65 0.8 1.64553e-08
66 0.8 1.66657e-08
67 0.8 1.68732e-08
68 0.8 1.70777e-08
69 0.8 1.72793e-08
70 0.8 1.74781e-08
71 0.8 1.76741e-08
72 0.8 1.78673e-08
73 0.8 1.80578e-08
74 0.8 1.82457e-08
75 0.8 1.84309e-08
76 0.8 1.86135e-08
77 0.8 1.87936e-08
78 0.8 1.89712e-08
79 0.8 1.91464e-08
80 0.8 1.93191e-08
81 0.8 1.94894e-08
82 0.8 1.96574e-08
83 0.8 1.98231e-08
84 0.8 1.99865e-08
85 0.8 2.01477e-08
86 0.8 2.03068e-08
87 0.8 2.04636e-08
88 0.8 2.06184e-08
89 0.8 2.0771e-08
90 0.8 2.09216e-08
91 0.8 2.10702e-08
92 0.8 2.12168e-08
93 0.8 2.13615e-08
94 0.8 2.15043e-08
95 0.8 2.16451e-08
96 0.8 2.17841e-08
97 0.8 2.19213e-08
98 0.8 2.20567e-08
99 0.8 2.21903e-08
100 0.8 2.23222e-08
1 0.9 2.24497e-15
2 0.9 1.37142e-12
3 0.9 1.53795e-11
4 0.9 5.82267e-11
5 0.9 1.38486e-10
6 0.9 2.57403e-10
7 0.9 4.12408e-10
8 0.9 5.99468e-10
9 0.9 8.14258e-10
10 0.9 1.05268e-09
11 0.9 1.31105e-09
12 0.9 1.58616e-09
13 0.9 1.8752e-09
14 0.9 2.17578e-09
15 0.9 2.48583e-09
16 0.9 2.80358e-09
17 0.9 3.12748e-09
18 0.9 3.4562e-09
19 0.9 3.7886e-09
20 0.9 4.12366e-09
21 0.9 4.4605e-09
22 0.9 4.79837e-09
23 0.9 5.13659e-09
24 0.9 5.47458e-09
25 0.9 5.81183e-09
26 0.9 6.14789e-09
27 0.9 6.48236e-09
28 0.9 6.81491e-09
29 0.9 7.14525e-09
30 0.9 7.47311e-09
31 0.9 7.79827e-09
32 0.9 8.12055e-09
33 0.9 8.43977e-09
34 0.9 8.75579e-09
35 0.9 9.06851e-09
36 0.9 9.37782e-09
37 0.9 9.68363e-09
38 0.9 9.98589e-09
39 0.9 1.02845e-08
40 0.9 1.05795e-08
41 0.9 1.08709e-08
42 0.9 1.11585e-08
43 0.9 1.14424e-08
44 0.9 1.17226e-08
45 0.9 1.19991e-08
46 0.9 1.22719e-08
47 0.9 1.25411e-08
48 0.9 1.28065e-08
49 0.9 1.30683e-08
50 0.9 1.33265e-08
51 0.9 1.35812e-08
52 0.9 1.38322e-08
53 0.9 1.40798e-08
54 0.9 1.43239e-08
55 0.9 1.45645e-08
56 0.9 1.48018e-08
57 0.9 1.50356e-08
58 0.9 1.52662e-08
59 0.9 1.54935e-08
60 0.9 1.57176e-08
61 0.9 1.59385e-08
62 0.9 1.61563e-08
63 0.9 1.63709e-08
64 0.9 1.65826e-08
65 0.9 1.67912e-08
66 0.9 1.69969e-08
67 0.9 1.71996e-08
68 0.9 1.73995e-08
69 0.9 1.75966e-08
70 0.9 1.77909e-08
71 0.9 1.79825e-08
72 0.9 1.81714e-08
73 0.9 1.83576e-08
74 0.9 1.85412e-08
75 0.9 1.87223e-08
76 0.9 1.89009e-08
77 0.9 1.9077e-08
78 0.9 1.92506e-08
79 0.9 1.94219e-08
80 0.9 1.95908e-08
81 0.9 1.97574e-08
82 0.9 1.99213e-08
83 0.9 2.00837e-08
84 0.9 2.02436e-08
85 0.9 2.04013e-08
86 0.9 2.05568e-08
87 0.9 2.07103e-08
88 0.9 2.08617e-08
89 0.9 2.10111e-08
90 0.9 2.11584e-08
91 0.9 2.13039e-08
92 0.9 2.14473e-08
93 0.9 2.15889e-08
94 0.9 2.17286e-08
95 0.9 2.18665e-08
96 0.9 2.20026e-08
97 0.9 2.21369e-08
98 0.9 2.22695e-08
99 0.9 2.24003e-08
100 0.9 2.25295e-08
1 1 2.45428e-14
2 1 4.78974e-12
3 1 3.63007e-11
4 1 1.12356e-10
5 1 2.36051e-10
6 1 4.03105e-10
7 1 6.07097e-10
8 1 8.41621e-10
9 1 1.10101e-09
10 1 1.38047e-09
11 1 1.67605e-09
12 1 1.98447e-09
13 1 2.30305e-09
14 1 2.62959e-09
15 1 2.96224e-09
16 1 3.29949e-09
17 1 3.64005e-09
18 1 3.98284e-09
19 1 4.32695e-09
20 1 4.67159e-09
21 1 5.01612e-09
22 1 5.35995e-09
23 1 5.7026e-09
24 1 6.04364e-09
25 1 6.38272e-09
26 1 6.71952e-09
27 1 7.05377e-09
28 1 7.38525e-09
29 1 7.71375e-09
30 1 8.03911e-09
31 1 8.36119e-09
32 1 8.67987e-09
33 1 8.99505e-09
34 1 9.30665e-09
35 1 9.61459e-09
36 1 9.91884e-09
37 1 1.02194e-08
38 1 1.05161e-08
39 1 1.08091e-08
40 1 1.10982e-08
41 1 1.13836e-08
42 1 1.16652e-08
43 1 1.1943e-08
44 1 1.2217e-08
45 1 1.24873e-08
46 1 1.27538e-08
47 1 1.30167e-08
48 1 1.32759e-08
49 1 1.35315e-08
50 1 1.37835e-08
51 1 1.40319e-08
52 1 1.42768e-08
53 1 1.45183e-08
54 1 1.47563e-08
55 1 1.4991e-08
56 1 1.52223e-08
57 1 1.54503e-08
58 1 1.5675e-08
59 1 1.58966e-08
60 1 1.6115e-08
61 1 1.63303e-08
62 1 1.65425e-08
63 1 1.67517e-08
64 1 1.6958e-08
65 1 1.71613e-08
66 1 1.73617e-08
67 1 1.75593e-08
68 1 1.77541e-08
69 1 1.79462e-08
70 1 1.81356e-08
71 1 1.83223e-08
72 1 1.85064e-08
73 1 1.8688e-08
74 1 1.8867e-08
75 1 1.90435e-08
76 1 1.92176e-08
77 1 1.93893e-08
78 1 1.95586e-08
79 1 1.97256e-08
80 1 1.98903e-08
81 1 2.00527e-08
82 1 2.0213e-08
83 1 2.0371e-08
84 1 2.05269e-08
85 1 2.06808e-08
86 1 2.08325e-08
87 1 2.09822e-08
88 1 2.113e-08
89 1 2.12757e-08
90 1 2.14195e-08
91 1 2.15615e-08
92 1 2.17015e-08
93 1 2.18397e-08
94 1 2.19761e-08
95 1 2.21107e-08
96 1 2.22436e-08
97 1 2.23747e-08
98 1 2.25042e-08
99 1 2.26319e-08
100 1 2.27581e-08
