1 0 3.44293e-28
2 0 1.22991e-18
3 0 2.244e-15
4 0 1.03682e-13
5 0 1.07947e-12
6 0 5.28546e-12
7 0 1.67313e-11
8 0 4.02039e-11
9 0 8.02332e-11
10 0 1.40416e-10
11 0 2.23154e-10
12 0 3.29686e-10
13 0 4.60258e-10
14 0 6.14348e-10
15 0 7.90877e-10
16 0 9.88401e-10
17 0 1.20525e-09
18 0 1.43965e-09
19 0 1.6898e-09
20 0 1.95392e-09
21 0 2.2303e-09
22 0 2.51735e-09
23 0 2.81354e-09
24 0 3.1175e-09
25 0 3.42794e-09
26 0 3.7437e-09
27 0 4.06372e-09
28 0 4.38706e-09
29 0 4.71285e-09
30 0 5.04032e-09
31 0 5.36879e-09
32 0 5.69765e-09
33 0 6.02633e-09
34 0 6.35438e-09
35 0 6.68134e-09
36 0 7.00685e-09
37 0 7.33057e-09
38 0 7.65222e-09
39 0 7.97153e-09
40 0 8.28829e-09
41 0 8.6023e-09
42 0 8.9134e-09
43 0 9.22145e-09
44 0 9.52633e-09
45 0 9.82793e-09
46 0 1.01262e-08
47 0 1.0421e-08
48 0 1.07124e-08
49 0 1.10002e-08
50 0 1.12845e-08
51 0 1.15652e-08
52 0 1.18423e-08
53 0 1.21158e-08
54 0 1.23858e-08
55 0 1.26521e-08
56 0 1.29149e-08
57 0 1.31741e-08
58 0 1.34298e-08
59 0 1.3682e-08
60 0 1.39308e-08
61 0 1.4176e-08
62 0 1.44179e-08
63 0 1.46564e-08
64 0 1.48916e-08
65 0 1.51234e-08
66 0 1.5352e-08
67 0 1.55774e-08
68 0 1.57996e-08
69 0 1.60186e-08
70 0 1.62346e-08
71 0 1.64475e-08
72 0 1.66574e-08
73 0 1.68644e-08
74 0 1.70684e-08
75 0 1.72695e-08
76 0 1.74679e-08
77 0 1.76634e-08
78 0 1.78562e-08
79 0 1.80463e-08
80 0 1.82337e-08
81 0 1.84186e-08
82 0 1.86008e-08
83 0 1.87805e-08
84 0 1.89578e-08
85 0 1.91325e-08
86 0 1.93049e-08
87 0 1.94749e-08
88 0 1.96426e-08
89 0 1.98079e-08
90 0 1.9971e-08
91 0 2.01319e-08
92 0 2.02906e-08
93 0 2.04472e-08
94 0 2.06016e-08
95 0 2.0754e-08
96 0 2.09043e-08
97 0 2.10526e-08
98 0 2.1199e-08
99 0 2.13433e-08
100 0 2.14858e-08
1 0.1 4.30421e-27
2 0.1 2.86306e-18
3 0.1 3.40524e-15
4 0.1 1.32845e-13
5 0.1 1.2724e-12
6 0.1 5.94328e-12
7 0.1 1.82717e-11
8 0.1 4.30623e-11
9 0.1 8.47827e-11
10 0.1 1.46926e-10
11 0.1 2.31787e-10
12 0.1 3.40502e-10
13 0.1 4.73239e-10
14 0.1 6.29417e-10
15 0.1 8.07917e-10
16 0.1 1.00727e-09
17 0.1 1.22579e-09
18 0.1 1.46169e-09
19 0.1 1.71318e-09
20 0.1 1.97848e-09
21 0.1 2.25591e-09
22 0.1 2.54384e-09
23 0.1 2.8408e-09
24 0.1 3.1454e-09
25 0.1 3.45637e-09
26 0.1 3.77256e-09
27 0.1 4.09292e-09
28 0.1 4.41652e-09
29 0.1 4.74249e-09
30 0.1 5.07008e-09
31 0.1 5.39862e-09
32 0.1 5.72748e-09
33 0.1 6.05612e-09
34 0.1 6.38409e-09
35 0.1 6.71093e-09
36 0.1 7.0363e-09
37 0.1 7.35984e-09
38 0.1 7.68129e-09
39 0.1 8.00038e-09
40 0.1 8.31689e-09
41 0.1 8.63065e-09
42 0.1 8.94148e-09
43 0.1 9.24924e-09
44 0.1 9.55383e-09
45 0.1 9.85513e-09
46 0.1 1.01531e-08
47 0.1 1.04476e-08
48 0.1 1.07386e-08
49 0.1 1.10261e-08
50 0.1 1.13101e-08
51 0.1 1.15905e-08
52 0.1 1.18673e-08
53 0.1 1.21405e-08
54 0.1 1.24101e-08
55 0.1 1.26761e-08
56 0.1 1.29386e-08
57 0.1 1.31975e-08
58 0.1 1.34529e-08
59 0.1 1.37048e-08
60 0.1 1.39532e-08
61 0.1 1.41981e-08
62 0.1 1.44397e-08
63 0.1 1.46779e-08
64 0.1 1.49127e-08
65 0.1 1.51443e-08
66 0.1 1.53726e-08
67 0.1 1.55977e-08
68 0.1 1.58196e-08
69 0.1 1.60383e-08
70 0.1 1.6254e-08
71 0.1 1.64667e-08
72 0.1 1.66763e-08
73 0.1 1.6883e-08
74 0.1 1.70868e-08
75 0.1 1.72877e-08
76 0.1 1.74857e-08
77 0.1 1.7681e-08
78 0.1 1.78736e-08
79 0.1 1.80634e-08
80 0.1 1.82506e-08
81 0.1 1.84352e-08
82 0.1 1.86172e-08
83 0.1 1.87967e-08
84 0.1 1.89737e-08
85 0.1 1.91483e-08
86 0.1 1.93204e-08
87 0.1 1.94902e-08
88 0.1 1.96576e-08
89 0.1 1.98228e-08
90 0.1 1.99857e-08
91 0.1 2.01464e-08
92 0.1 2.03049e-08
93 0.1 2.04613e-08
94 0.1 2.06155e-08
95 0.1 2.07677e-08
96 0.1 2.09178e-08
97 0.1 2.1066e-08
98 0.1 2.12121e-08
99 0.1 2.13564e-08
100 0.1 2.14987e-08
1 0.2 2.04662e-25
2 0.2 1.50798e-17
3 0.2 8.77163e-15
4 0.2 2.44712e-13
5 0.2 1.94893e-12
6 0.2 8.13829e-12
7 0.2 2.32593e-11
8 0.2 5.21384e-11
9 0.2 9.90367e-11
10 0.2 1.67133e-10
11 0.2 2.58392e-10
12 0.2 3.73663e-10
13 0.2 5.12879e-10
14 0.2 6.75289e-10
15 0.2 8.59657e-10
16 0.2 1.06444e-09
17 0.2 1.28791e-09
18 0.2 1.52828e-09
19 0.2 1.78374e-09
20 0.2 2.05255e-09
21 0.2 2.33303e-09
22 0.2 2.6236e-09
23 0.2 2.9228e-09
24 0.2 3.22928e-09
25 0.2 3.54181e-09
26 0.2 3.85926e-09
27 0.2 4.18062e-09
28 0.2 4.50496e-09
29 0.2 4.83147e-09
30 0.2 5.1594e-09
31 0.2 5.48809e-09
32 0.2 5.81696e-09
33 0.2 6.14548e-09
34 0.2 6.47318e-09
35 0.2 6.79967e-09
36 0.2 7.12458e-09
37 0.2 7.44759e-09
38 0.2 7.76842e-09
39 0.2 8.08683e-09
40 0.2 8.40262e-09
41 0.2 8.7156e-09
42 0.2 9.02561e-09
43 0.2 9.33253e-09
44 0.2 9.63623e-09
45 0.2 9.93663e-09
46 0.2 1.02336e-08
47 0.2 1.05272e-08
48 0.2 1.08173e-08
49 0.2 1.11038e-08
50 0.2 1.13868e-08
51 0.2 1.16662e-08
52 0.2 1.1942e-08
53 0.2 1.22143e-08
54 0.2 1.24829e-08
55 0.2 1.2748e-08
56 0.2 1.30095e-08
57 0.2 1.32674e-08
58 0.2 1.35218e-08
59 0.2 1.37728e-08
60 0.2 1.40202e-08
61 0.2 1.42643e-08
62 0.2 1.45049e-08
63 0.2 1.47422e-08
64 0.2 1.49761e-08
65 0.2 1.52068e-08
66 0.2 1.54342e-08
67 0.2 1.56584e-08
68 0.2 1.58795e-08
69 0.2 1.60974e-08
70 0.2 1.63123e-08
71 0.2 1.65241e-08
72 0.2 1.67329e-08
73 0.2 1.69388e-08
74 0.2 1.71418e-08
75 0.2 1.73419e-08
76 0.2 1.75392e-08
77 0.2 1.77337e-08
78 0.2 1.79256e-08
79 0.2 1.81147e-08
80 0.2 1.83012e-08
81 0.2 1.84851e-08
82 0.2 1.86664e-08
83 0.2 1.88452e-08
84 0.2 1.90215e-08
85 0.2 1.91954e-08
86 0.2 1.93669e-08
87 0.2 1.95361e-08
88 0.2 1.97029e-08
89 0.2 1.98674e-08
90 0.2 2.00297e-08
91 0.2 2.01898e-08
92 0.2 2.03477e-08
93 0.2 2.05035e-08
94 0.2 2.06572e-08
95 0.2 2.08088e-08
96 0.2 2.09584e-08
97 0.2 2.1106e-08
98 0.2 2.12516e-08
99 0.2 2.13953e-08
100 0.2 2.15371e-08
1 0.3 9.9764e-24
2 0.3 9.26067e-17
3 0.3 2.69002e-14
4 0.3 5.30572e-13
5 0.3 3.44273e-12
6 0.3 1.25899e-11
7 0.3 3.28489e-11
8 0.3 6.89815e-11
9 0.3 1.24846e-10
10 0.3 2.03078e-10
11 0.3 3.05104e-10
12 0.3 4.31306e-10
13 0.3 5.81256e-10
14 0.3 7.53937e-10
15 0.3 9.47937e-10
16 0.3 1.1616e-09
17 0.3 1.39315e-09
18 0.3 1.64078e-09
19 0.3 1.9027e-09
20 0.3 2.17718e-09
21 0.3 2.46259e-09
22 0.3 2.7574e-09
23 0.3 3.06021e-09
24 0.3 3.36971e-09
25 0.3 3.68473e-09
26 0.3 4.00418e-09
27 0.3 4.32709e-09
28 0.3 4.6526e-09
29 0.3 4.97991e-09
30 0.3 5.30834e-09
31 0.3 5.63724e-09
32 0.3 5.96607e-09
33 0.3 6.29432e-09
34 0.3 6.62157e-09
35 0.3 6.94742e-09
36 0.3 7.27153e-09
37 0.3 7.59361e-09
38 0.3 7.9134e-09
39 0.3 8.23067e-09
40 0.3 8.54523e-09
41 0.3 8.85689e-09
42 0.3 9.16553e-09
43 0.3 9.47101e-09
44 0.3 9.77324e-09
45 0.3 1.00721e-08
46 0.3 1.03676e-08
47 0.3 1.06596e-08
48 0.3 1.09481e-08
49 0.3 1.1233e-08
50 0.3 1.15144e-08
51 0.3 1.17921e-08
52 0.3 1.20663e-08
53 0.3 1.23369e-08
54 0.3 1.26039e-08
55 0.3 1.28674e-08
56 0.3 1.31273e-08
57 0.3 1.33836e-08
58 0.3 1.36365e-08
59 0.3 1.38858e-08
60 0.3 1.41317e-08
61 0.3 1.43742e-08
62 0.3 1.46133e-08
63 0.3 1.48491e-08
64 0.3 1.50815e-08
65 0.3 1.53107e-08
66 0.3 1.55366e-08
67 0.3 1.57594e-08
68 0.3 1.5979e-08
69 0.3 1.61956e-08
70 0.3 1.6409e-08
71 0.3 1.66195e-08
72 0.3 1.6827e-08
73 0.3 1.70315e-08
74 0.3 1.72332e-08
75 0.3 1.7432e-08
76 0.3 1.76281e-08
77 0.3 1.78214e-08
78 0.3 1.8012e-08
79 0.3 1.81999e-08
80 0.3 1.83852e-08
81 0.3 1.85679e-08
82 0.3 1.87481e-08
83 0.3 1.89257e-08
84 0.3 1.91009e-08
85 0.3 1.92737e-08
86 0.3 1.94442e-08
87 0.3 1.96122e-08
88 0.3 1.97777e-08
89 0.3 1.99415e-08
90 0.3 2.01028e-08
91 0.3 2.02619e-08
92 0.3 2.04189e-08
93 0.3 2.05737e-08
94 0.3 2.07264e-08
95 0.3 2.08771e-08
96 0.3 2.10258e-08
97 0.3 2.11725e-08
98 0.3 2.13172e-08
99 0.3 2.14601e-08
100 0.3 2.1601e-08
1 0.4 4.21132e-22
2 0.4 5.63374e-16
3 0.4 8.53447e-14
4 0.4 1.21231e-12
5 0.4 6.45328e-12
6 0.4 2.06829e-11
7 0.4 4.91492e-11
8 0.4 9.63245e-11
9 0.4 1.65398e-10
10 0.4 2.58223e-10
11 0.4 3.75492e-10
12 0.4 5.1698e-10
13 0.4 6.81796e-10
14 0.4 8.68598e-10
15 0.4 1.07576e-09
16 0.4 1.3015e-09
17 0.4 1.54399e-09
18 0.4 1.80141e-09
19 0.4 2.07199e-09
20 0.4 2.35407e-09
21 0.4 2.64606e-09
22 0.4 2.94651e-09
23 0.4 3.25409e-09
24 0.4 3.56756e-09
25 0.4 3.88582e-09
26 0.4 4.20786e-09
27 0.4 4.53277e-09
28 0.4 4.85974e-09
29 0.4 5.18803e-09
30 0.4 5.51701e-09
31 0.4 5.84609e-09
32 0.4 6.17474e-09
33 0.4 6.50253e-09
34 0.4 6.82904e-09
35 0.4 7.15393e-09
36 0.4 7.47687e-09
37 0.4 7.7976e-09
38 0.4 8.11588e-09
39 0.4 8.4315e-09
40 0.4 8.74429e-09
41 0.4 9.05409e-09
42 0.4 9.36078e-09
43 0.4 9.66423e-09
44 0.4 9.96437e-09
45 0.4 1.02611e-08
46 0.4 1.05544e-08
47 0.4 1.08442e-08
48 0.4 1.11304e-08
49 0.4 1.14131e-08
50 0.4 1.16922e-08
51 0.4 1.19677e-08
52 0.4 1.22396e-08
53 0.4 1.25079e-08
54 0.4 1.27727e-08
55 0.4 1.30338e-08
56 0.4 1.32915e-08
57 0.4 1.35456e-08
58 0.4 1.37962e-08
59 0.4 1.40433e-08
60 0.4 1.42871e-08
61 0.4 1.45274e-08
62 0.4 1.47643e-08
63 0.4 1.4998e-08
64 0.4 1.52283e-08
65 0.4 1.54555e-08
66 0.4 1.56794e-08
67 0.4 1.59001e-08
68 0.4 1.61178e-08
69 0.4 1.63323e-08
70 0.4 1.65439e-08
71 0.4 1.67524e-08
72 0.4 1.6958e-08
73 0.4 1.71607e-08
74 0.4 1.73606e-08
75 0.4 1.75576e-08
76 0.4 1.77519e-08
77 0.4 1.79435e-08
78 0.4 1.81323e-08
79 0.4 1.83186e-08
80 0.4 1.85022e-08
81 0.4 1.86833e-08
82 0.4 1.88619e-08
83 0.4 1.9038e-08
84 0.4 1.92116e-08
85 0.4 1.93829e-08
86 0.4 1.95518e-08
87 0.4 1.97184e-08
88 0.4 1.98828e-08
89 0.4 2.00448e-08
90 0.4 2.02047e-08
91 0.4 2.03624e-08
92 0.4 2.0518e-08
93 0.4 2.06715e-08
94 0.4 2.08229e-08
95 0.4 2.09723e-08
96 0.4 2.11197e-08
97 0.4 2.12652e-08
98 0.4 2.14087e-08
99 0.4 2.15503e-08
100 0.4 2.16901e-08
1 0.5 1.46155e-20
2 0.5 3.22231e-15
3 0.5 2.66029e-13
4 0.5 2.78051e-12
5 0.5 1.22885e-11
6 0.5 3.47533e-11
7 0.5 7.5488e-11
8 0.5 1.38291e-10
9 0.5 2.25357e-10
10 0.5 3.37518e-10
11 0.5 4.74578e-10
12 0.5 6.3561e-10
13 0.5 8.1921e-10
14 0.5 1.02368e-09
15 0.5 1.24719e-09
16 0.5 1.48784e-09
17 0.5 1.74375e-09
18 0.5 2.01312e-09
19 0.5 2.29423e-09
20 0.5 2.58548e-09
21 0.5 2.88538e-09
22 0.5 3.19258e-09
23 0.5 3.50582e-09
24 0.5 3.82397e-09
25 0.5 4.14601e-09
26 0.5 4.47103e-09
27 0.5 4.79818e-09
28 0.5 5.12674e-09
29 0.5 5.45605e-09
30 0.5 5.78551e-09
31 0.5 6.1146e-09
32 0.5 6.44287e-09
33 0.5 6.7699e-09
34 0.5 7.09533e-09
35 0.5 7.41885e-09
36 0.5 7.74018e-09
37 0.5 8.05907e-09
38 0.5 8.37533e-09
39 0.5 8.68876e-09
40 0.5 8.99922e-09
41 0.5 9.30656e-09
42 0.5 9.61069e-09
43 0.5 9.9115e-09
44 0.5 1.02089e-08
45 0.5 1.05029e-08
46 0.5 1.07933e-08
47 0.5 1.10803e-08
48 0.5 1.13636e-08
49 0.5 1.16434e-08
50 0.5 1.19195e-08
51 0.5 1.21921e-08
52 0.5 1.24611e-08
53 0.5 1.27265e-08
54 0.5 1.29883e-08
55 0.5 1.32466e-08
56 0.5 1.35013e-08
57 0.5 1.37526e-08
58 0.5 1.40003e-08
59 0.5 1.42446e-08
60 0.5 1.44856e-08
61 0.5 1.47231e-08
62 0.5 1.49574e-08
63 0.5 1.51883e-08
64 0.5 1.5416e-08
65 0.5 1.56404e-08
66 0.5 1.58617e-08
67 0.5 1.60799e-08
68 0.5 1.6295e-08
69 0.5 1.65071e-08
70 0.5 1.67162e-08
71 0.5 1.69223e-08
72 0.5 1.71255e-08
73 0.5 1.73258e-08
74 0.5 1.75234e-08
75 0.5 1.77181e-08
76 0.5 1.79102e-08
77 0.5 1.80995e-08
78 0.5 1.82862e-08
79 0.5 1.84703e-08
80 0.5 1.86518e-08
81 0.5 1.88308e-08
82 0.5 1.90073e-08
83 0.5 1.91814e-08
84 0.5 1.93531e-08
85 0.5 1.95224e-08
86 0.5 1.96894e-08
87 0.5 1.98541e-08
88 0.5 2.00166e-08
89 0.5 2.01769e-08
90 0.5 2.0335e-08
91 0.5 2.04909e-08
92 0.5 2.06448e-08
93 0.5 2.07965e-08
94 0.5 2.09463e-08
95 0.5 2.1094e-08
96 0.5 2.12398e-08
97 0.5 2.13837e-08
98 0.5 2.15256e-08
99 0.5 2.16657e-08
100 0.5 2.18039e-08
1 0.6 4.07873e-19
2 0.6 1.6941e-14
3 0.6 7.96332e-13
4 0.6 6.25738e-12
5 0.6 2.32519e-11
6 0.6 5.84954e-11
7 0.6 1.1676e-10
8 0.6 2.00647e-10
9 0.6 3.11006e-10
10 0.6 4.47456e-10
11 0.6 6.08817e-10
12 0.6 7.93432e-10
13 0.6 9.99387e-10
14 0.6 1.22466e-09
15 0.6 1.46723e-09
16 0.6 1.72512e-09
17 0.6 1.99644e-09
18 0.6 2.27945e-09
19 0.6 2.5725e-09
20 0.6 2.87409e-09
21 0.6 3.18285e-09
22 0.6 3.49753e-09
23 0.6 3.817e-09
24 0.6 4.14023e-09
25 0.6 4.46633e-09
26 0.6 4.79446e-09
27 0.6 5.1239e-09
28 0.6 5.45399e-09
29 0.6 5.78416e-09
30 0.6 6.11388e-09
31 0.6 6.4427e-09
32 0.6 6.77022e-09
33 0.6 7.09609e-09
34 0.6 7.42e-09
35 0.6 7.74167e-09
36 0.6 8.06086e-09
37 0.6 8.37738e-09
38 0.6 8.69104e-09
39 0.6 9.00169e-09
40 0.6 9.30921e-09
41 0.6 9.61348e-09
42 0.6 9.91442e-09
43 0.6 1.02119e-08
44 0.6 1.0506e-08
45 0.6 1.07965e-08
46 0.6 1.10835e-08
47 0.6 1.13669e-08
48 0.6 1.16467e-08
49 0.6 1.19229e-08
50 0.6 1.21955e-08
51 0.6 1.24645e-08
52 0.6 1.27299e-08
53 0.6 1.29917e-08
54 0.6 1.32499e-08
55 0.6 1.35047e-08
56 0.6 1.37559e-08
57 0.6 1.40036e-08
58 0.6 1.42479e-08
59 0.6 1.44888e-08
60 0.6 1.47263e-08
61 0.6 1.49605e-08
62 0.6 1.51914e-08
63 0.6 1.54191e-08
64 0.6 1.56435e-08
65 0.6 1.58648e-08
66 0.6 1.60829e-08
67 0.6 1.6298e-08
68 0.6 1.651e-08
69 0.6 1.6719e-08
70 0.6 1.69251e-08
71 0.6 1.71283e-08
72 0.6 1.73286e-08
73 0.6 1.75261e-08
74 0.6 1.77208e-08
75 0.6 1.79128e-08
76 0.6 1.81021e-08
77 0.6 1.82887e-08
78 0.6 1.84728e-08
79 0.6 1.86543e-08
80 0.6 1.88332e-08
81 0.6 1.90097e-08
82 0.6 1.91837e-08
83 0.6 1.93554e-08
84 0.6 1.95247e-08
85 0.6 1.96916e-08
86 0.6 1.98563e-08
87 0.6 2.00188e-08
88 0.6 2.0179e-08
89 0.6 2.0337e-08
90 0.6 2.04929e-08
91 0.6 2.06468e-08
92 0.6 2.07985e-08
93 0.6 2.09482e-08
94 0.6 2.10959e-08
95 0.6 2.12417e-08
96 0.6 2.13855e-08
97 0.6 2.15274e-08
98 0.6 2.16674e-08
99 0.6 2.18056e-08
100 0.6 2.1942e-08
1 0.7 9.05449e-18
2 0.7 8.09414e-14
3 0.7 2.26257e-12
4 0.7 1.36543e-11
5 0.7 4.32003e-11
6 0.7 9.74744e-11
7 0.7 1.79816e-10
8 0.7 2.91045e-10
9 0.7 4.30371e-10
10 0.7 5.96088e-10
11 0.7 7.86033e-10
12 0.7 9.97866e-10
13 0.7 1.22923e-09
14 0.7 1.47786e-09
15 0.7 1.7416e-09
16 0.7 2.01846e-09
17 0.7 2.30661e-09
18 0.7 2.60438e-09
19 0.7 2.91026e-09
20 0.7 3.22286e-09
21 0.7 3.54096e-09
22 0.7 3.86345e-09
23 0.7 4.18933e-09
24 0.7 4.51772e-09
25 0.7 4.84783e-09
26 0.7 5.17895e-09
27 0.7 5.51045e-09
28 0.7 5.84179e-09
29 0.7 6.17246e-09
30 0.7 6.50204e-09
31 0.7 6.83015e-09
32 0.7 7.15644e-09
33 0.7 7.48063e-09
34 0.7 7.80245e-09
35 0.7 8.12169e-09
36 0.7 8.43816e-09
37 0.7 8.75168e-09
38 0.7 9.06211e-09
39 0.7 9.36934e-09
40 0.7 9.67327e-09
41 0.7 9.97381e-09
42 0.7 1.02709e-08
43 0.7 1.05645e-08
44 0.7 1.08545e-08
45 0.7 1.11409e-08
46 0.7 1.14237e-08
47 0.7 1.17029e-08
48 0.7 1.19785e-08
49 0.7 1.22505e-08
50 0.7 1.25188e-08
51 0.7 1.27836e-08
52 0.7 1.30447e-08
53 0.7 1.33023e-08
54 0.7 1.35564e-08
55 0.7 1.38069e-08
56 0.7 1.4054e-08
57 0.7 1.42977e-08
58 0.7 1.45379e-08
59 0.7 1.47747e-08
60 0.7 1.50083e-08
61 0.7 1.52385e-08
62 0.7 1.54655e-08
63 0.7 1.56893e-08
64 0.7 1.59099e-08
65 0.7 1.61274e-08
66 0.7 1.63419e-08
67 0.7 1.65533e-08
68 0.7 1.67617e-08
69 0.7 1.69672e-08
70 0.7 1.71697e-08
71 0.7 1.73695e-08
72 0.7 1.75664e-08
73 0.7 1.77605e-08
74 0.7 1.79519e-08
75 0.7 1.81407e-08
76 0.7 1.83268e-08
77 0.7 1.85103e-08
78 0.7 1.86912e-08
79 0.7 1.88697e-08
80 0.7 1.90457e-08
81 0.7 1.92192e-08
82 0.7 1.93903e-08
83 0.7 1.95591e-08
84 0.7 1.97256e-08
85 0.7 1.98898e-08
86 0.7 2.00518e-08
87 0.7 2.02115e-08
88 0.7 2.03691e-08
89 0.7 2.05246e-08
90 0.7 2.0678e-08
91 0.7 2.08293e-08
92 0.7 2.09786e-08
93 0.7 2.11259e-08
94 0.7 2.12712e-08
95 0.7 2.14146e-08
96 0.7 2.15562e-08
97 0.7 2.16958e-08
98 0.7 2.18336e-08
99 0.7 2.19696e-08
100 0.7 2.21039e-08
1 0.8 1.59043e-16
2 0.8 3.4933e-13
3 0.8 6.0625e-12
4 0.8 2.86977e-11
5 0.8 7.82742e-11
6 0.8 1.59699e-10
7 0.8 2.73837e-10
8 0.8 4.19218e-10
9 0.8 5.93256e-10
10 0.8 7.92952e-10
11 0.8 1.01527e-09
12 0.8 1.25733e-09
13 0.8 1.51645e-09
14 0.8 1.79024e-09
15 0.8 2.07653e-09
16 0.8 2.37339e-09
17 0.8 2.67909e-09
18 0.8 2.9921e-09
19 0.8 3.31108e-09
20 0.8 3.63482e-09
21 0.8 3.96224e-09
22 0.8 4.29241e-09
23 0.8 4.62448e-09
24 0.8 4.95772e-09
25 0.8 5.29147e-09
26 0.8 5.62514e-09
27 0.8 5.95823e-09
28 0.8 6.29028e-09
29 0.8 6.62091e-09
30 0.8 6.94976e-09
31 0.8 7.27653e-09
32 0.8 7.60096e-09
33 0.8 7.92281e-09
34 0.8 8.24189e-09
35 0.8 8.55803e-09
36 0.8 8.87108e-09
37 0.8 9.18091e-09
38 0.8 9.48743e-09
39 0.8 9.79054e-09
40 0.8 1.00902e-08
41 0.8 1.03863e-08
42 0.8 1.06788e-08
43 0.8 1.09677e-08
44 0.8 1.1253e-08
45 0.8 1.15346e-08
46 0.8 1.18126e-08
47 0.8 1.2087e-08
48 0.8 1.23577e-08
49 0.8 1.26247e-08
50 0.8 1.28882e-08
51 0.8 1.3148e-08
52 0.8 1.34043e-08
53 0.8 1.36571e-08
54 0.8 1.39063e-08
55 0.8 1.41521e-08
56 0.8 1.43944e-08
57 0.8 1.46333e-08
58 0.8 1.48689e-08
59 0.8 1.51011e-08
60 0.8 1.53301e-08
61 0.8 1.55558e-08
62 0.8 1.57783e-08
63 0.8 1.59977e-08
64 0.8 1.6214e-08
65 0.8 1.64272e-08
66 0.8 1.66374e-08
67 0.8 1.68446e-08
68 0.8 1.7049e-08
69 0.8 1.72504e-08
70 0.8 1.74489e-08
71 0.8 1.76447e-08
72 0.8 1.78378e-08
73 0.8 1.80281e-08
74 0.8 1.82158e-08
75 0.8 1.84008e-08
76 0.8 1.85833e-08
77 0.8 1.87632e-08
78 0.8 1.89406e-08
79 0.8 1.91156e-08
80 0.8 1.92881e-08
81 0.8 1.94583e-08
82 0.8 1.96262e-08
83 0.8 1.97917e-08
84 0.8 1.9955e-08
85 0.8 2.01161e-08
86 0.8 2.02749e-08
87 0.8 2.04317e-08
88 0.8 2.05863e-08
89 0.8 2.07388e-08
90 0.8 2.08893e-08
91 0.8 2.10377e-08
92 0.8 2.11842e-08
93 0.8 2.13288e-08
94 0.8 2.14714e-08
95 0.8 2.16122e-08
96 0.8 2.17511e-08
97 0.8 2.18881e-08
98 0.8 2.20234e-08
99 0.8 2.21569e-08
100 0.8 2.22887e-08
1 0.9 2.20564e-15
2 0.9 1.35762e-12
3 0.9 1.52643e-11
4 0.9 5.78675e-11
5 0.9 1.37746e-10
6 0.9 2.5617e-10
7 0.9 4.10602e-10
8 0.9 5.97032e-10
9 0.9 8.11154e-10
10 0.9 1.04888e-09
11 0.9 1.30655e-09
12 0.9 1.58093e-09
13 0.9 1.86926e-09
14 0.9 2.16912e-09
15 0.9 2.47847e-09
16 0.9 2.79551e-09
17 0.9 3.11872e-09
18 0.9 3.44677e-09
19 0.9 3.77849e-09
20 0.9 4.1129e-09
21 0.9 4.4491e-09
22 0.9 4.78634e-09
23 0.9 5.12395e-09
24 0.9 5.46134e-09
25 0.9 5.79799e-09
26 0.9 6.13348e-09
27 0.9 6.4674e-09
28 0.9 6.7994e-09
29 0.9 7.12921e-09
30 0.9 7.45655e-09
31 0.9 7.7812e-09
32 0.9 8.10298e-09
33 0.9 8.42172e-09
34 0.9 8.73728e-09
35 0.9 9.04954e-09
36 0.9 9.3584e-09
37 0.9 9.66378e-09
38 0.9 9.96562e-09
39 0.9 1.02639e-08
40 0.9 1.05585e-08
41 0.9 1.08494e-08
42 0.9 1.11366e-08
43 0.9 1.14202e-08
44 0.9 1.17e-08
45 0.9 1.19762e-08
46 0.9 1.22486e-08
47 0.9 1.25174e-08
48 0.9 1.27826e-08
49 0.9 1.30441e-08
50 0.9 1.33019e-08
51 0.9 1.35563e-08
52 0.9 1.3807e-08
53 0.9 1.40543e-08
54 0.9 1.42981e-08
55 0.9 1.45385e-08
56 0.9 1.47754e-08
57 0.9 1.50091e-08
58 0.9 1.52394e-08
59 0.9 1.54664e-08
60 0.9 1.56903e-08
61 0.9 1.59109e-08
62 0.9 1.61285e-08
63 0.9 1.63429e-08
64 0.9 1.65543e-08
65 0.9 1.67627e-08
66 0.9 1.69682e-08
67 0.9 1.71707e-08
68 0.9 1.73704e-08
69 0.9 1.75673e-08
70 0.9 1.77614e-08
71 0.9 1.79528e-08
72 0.9 1.81415e-08
73 0.9 1.83276e-08
74 0.9 1.8511e-08
75 0.9 1.8692e-08
76 0.9 1.88703e-08
77 0.9 1.90463e-08
78 0.9 1.92198e-08
79 0.9 1.93909e-08
80 0.9 1.95596e-08
81 0.9 1.9726e-08
82 0.9 1.98898e-08
83 0.9 2.00521e-08
84 0.9 2.02118e-08
85 0.9 2.03694e-08
86 0.9 2.05248e-08
87 0.9 2.06781e-08
88 0.9 2.08294e-08
89 0.9 2.09786e-08
90 0.9 2.11259e-08
91 0.9 2.12712e-08
92 0.9 2.14145e-08
93 0.9 2.1556e-08
94 0.9 2.16956e-08
95 0.9 2.18334e-08
96 0.9 2.19694e-08
97 0.9 2.21036e-08
98 0.9 2.2236e-08
99 0.9 2.23667e-08
100 0.9 2.24958e-08
1 1 2.41502e-14
2 1 4.74502e-12
3 1 3.60458e-11
4 1 1.11702e-10
5 1 2.34853e-10
6 1 4.01266e-10
7 1 6.04556e-10
8 1 8.38342e-10
9 1 1.09697e-09
10 1 1.37567e-09
11 1 1.67049e-09
12 1 1.97815e-09
13 1 2.29599e-09
14 1 2.62179e-09
15 1 2.95373e-09
16 1 3.29027e-09
17 1 3.63013e-09
18 1 3.97225e-09
19 1 4.3157e-09
20 1 4.6597e-09
21 1 5.0036e-09
22 1 5.34682e-09
23 1 5.68887e-09
24 1 6.02933e-09
25 1 6.36784e-09
26 1 6.70409e-09
27 1 7.03781e-09
28 1 7.36876e-09
29 1 7.69675e-09
30 1 8.02161e-09
31 1 8.34321e-09
32 1 8.66142e-09
33 1 8.97613e-09
34 1 9.28728e-09
35 1 9.59479e-09
36 1 9.89862e-09
37 1 1.01987e-08
38 1 1.04951e-08
39 1 1.07876e-08
40 1 1.10764e-08
41 1 1.13614e-08
42 1 1.16426e-08
43 1 1.19201e-08
44 1 1.21937e-08
45 1 1.24637e-08
46 1 1.27299e-08
47 1 1.29925e-08
48 1 1.32514e-08
49 1 1.35066e-08
50 1 1.37583e-08
51 1 1.40065e-08
52 1 1.42511e-08
53 1 1.44923e-08
54 1 1.473e-08
55 1 1.49644e-08
56 1 1.51955e-08
57 1 1.54232e-08
58 1 1.56477e-08
59 1 1.58691e-08
60 1 1.60872e-08
61 1 1.63023e-08
62 1 1.65143e-08
63 1 1.67233e-08
64 1 1.69293e-08
65 1 1.71324e-08
66 1 1.73327e-08
67 1 1.75301e-08
68 1 1.77247e-08
69 1 1.79166e-08
70 1 1.81058e-08
71 1 1.82923e-08
72 1 1.84762e-08
73 1 1.86576e-08
74 1 1.88364e-08
75 1 1.90128e-08
76 1 1.91867e-08
77 1 1.93582e-08
78 1 1.95274e-08
79 1 1.96942e-08
80 1 1.98588e-08
81 1 2.00211e-08
82 1 2.01812e-08
83 1 2.03391e-08
84 1 2.04949e-08
85 1 2.06486e-08
86 1 2.08002e-08
87 1 2.09498e-08
88 1 2.10974e-08
89 1 2.12431e-08
90 1 2.13868e-08
91 1 2.15286e-08
92 1 2.16685e-08
93 1 2.18066e-08
94 1 2.19429e-08
95 1 2.20774e-08
96 1 2.22101e-08
97 1 2.23412e-08
98 1 2.24705e-08
99 1 2.25982e-08
100 1 2.27242e-08
