1 0 1.2933e-28
2 0 8.1022e-19
3 0 1.6473e-15
4 0 8.00819e-14
5 0 8.6614e-13
6 0 4.38195e-12
7 0 1.42766e-11
8 0 3.51864e-11
9 0 7.17984e-11
10 0 1.28117e-10
11 0 2.07081e-10
12 0 3.10475e-10
13 0 4.39025e-10
14 0 5.92576e-10
15 0 7.70296e-10
16 0 9.70874e-10
17 0 1.19268e-09
18 0 1.43389e-09
19 0 1.69262e-09
20 0 1.96695e-09
21 0 2.25502e-09
22 0 2.55506e-09
23 0 2.8654e-09
24 0 3.18446e-09
25 0 3.51083e-09
26 0 3.84318e-09
27 0 4.18033e-09
28 0 4.52111e-09
29 0 4.86472e-09
30 0 5.21021e-09
31 0 5.55682e-09
32 0 5.90385e-09
33 0 6.2507e-09
34 0 6.59696e-09
35 0 6.9419e-09
36 0 7.28523e-09
37 0 7.62659e-09
38 0 7.96566e-09
39 0 8.30217e-09
40 0 8.63589e-09
41 0 8.9666e-09
42 0 9.29414e-09
43 0 9.61836e-09
44 0 9.93915e-09
45 0 1.02564e-08
46 0 1.057e-08
47 0 1.088e-08
48 0 1.11862e-08
49 0 1.14886e-08
50 0 1.17873e-08
51 0 1.20821e-08
52 0 1.23732e-08
53 0 1.26604e-08
54 0 1.29438e-08
55 0 1.32235e-08
56 0 1.34993e-08
57 0 1.37715e-08
58 0 1.40399e-08
59 0 1.43047e-08
60 0 1.45658e-08
61 0 1.48233e-08
62 0 1.50773e-08
63 0 1.53278e-08
64 0 1.55748e-08
65 0 1.58184e-08
66 0 1.60586e-08
67 0 1.62954e-08
68 0 1.6529e-08
69 0 1.67594e-08
70 0 1.69866e-08
71 0 1.72106e-08
72 0 1.74316e-08
73 0 1.76495e-08
74 0 1.78644e-08
75 0 1.80764e-08
76 0 1.82855e-08
77 0 1.84918e-08
78 0 1.86952e-08
79 0 1.88959e-08
80 0 1.90939e-08
81 0 1.92892e-08
82 0 1.94819e-08
83 0 1.96721e-08
84 0 1.98596e-08
85 0 2.00447e-08
86 0 2.02274e-08
87 0 2.04076e-08
88 0 2.05855e-08
89 0 2.0761e-08
90 0 2.09342e-08
91 0 2.11051e-08
92 0 2.12739e-08
93 0 2.14404e-08
94 0 2.16048e-08
95 0 2.17671e-08
96 0 2.19272e-08
97 0 2.20854e-08
98 0 2.22415e-08
99 0 2.23956e-08
100 0 2.25477e-08
1 0.1 1.72e-27
2 0.1 1.90949e-18
3 0.1 2.51214e-15
4 0.1 1.02962e-13
5 0.1 1.02398e-12
6 0.1 4.94037e-12
7 0.1 1.56278e-11
8 0.1 3.77669e-11
9 0.1 7.6009e-11
10 0.1 1.34273e-10
11 0.1 2.15393e-10
12 0.1 3.21053e-10
13 0.1 4.51889e-10
14 0.1 6.07676e-10
15 0.1 7.87533e-10
16 0.1 9.90109e-10
17 0.1 1.21375e-09
18 0.1 1.45664e-09
19 0.1 1.71686e-09
20 0.1 1.99252e-09
21 0.1 2.28175e-09
22 0.1 2.5828e-09
23 0.1 2.89399e-09
24 0.1 3.21378e-09
25 0.1 3.54074e-09
26 0.1 3.87357e-09
27 0.1 4.2111e-09
28 0.1 4.55217e-09
29 0.1 4.89599e-09
30 0.1 5.24161e-09
31 0.1 5.58829e-09
32 0.1 5.93533e-09
33 0.1 6.28214e-09
34 0.1 6.62831e-09
35 0.1 6.97312e-09
36 0.1 7.31629e-09
37 0.1 7.65745e-09
38 0.1 7.9963e-09
39 0.1 8.33257e-09
40 0.1 8.66601e-09
41 0.1 8.99645e-09
42 0.1 9.32369e-09
43 0.1 9.64761e-09
44 0.1 9.96808e-09
45 0.1 1.0285e-08
46 0.1 1.05983e-08
47 0.1 1.09079e-08
48 0.1 1.12138e-08
49 0.1 1.15159e-08
50 0.1 1.18142e-08
51 0.1 1.21087e-08
52 0.1 1.23994e-08
53 0.1 1.26863e-08
54 0.1 1.29693e-08
55 0.1 1.32486e-08
56 0.1 1.35242e-08
57 0.1 1.3796e-08
58 0.1 1.40641e-08
59 0.1 1.43285e-08
60 0.1 1.45893e-08
61 0.1 1.48465e-08
62 0.1 1.51002e-08
63 0.1 1.53503e-08
64 0.1 1.5597e-08
65 0.1 1.58403e-08
66 0.1 1.60802e-08
67 0.1 1.63168e-08
68 0.1 1.65501e-08
69 0.1 1.67801e-08
70 0.1 1.7007e-08
71 0.1 1.72308e-08
72 0.1 1.74515e-08
73 0.1 1.76691e-08
74 0.1 1.78838e-08
75 0.1 1.80955e-08
76 0.1 1.83044e-08
77 0.1 1.85104e-08
78 0.1 1.87136e-08
79 0.1 1.8914e-08
80 0.1 1.91117e-08
81 0.1 1.93068e-08
82 0.1 1.94993e-08
83 0.1 1.96892e-08
84 0.1 1.98765e-08
85 0.1 2.00614e-08
86 0.1 2.02438e-08
87 0.1 2.04238e-08
88 0.1 2.06015e-08
89 0.1 2.07768e-08
90 0.1 2.09498e-08
91 0.1 2.11205e-08
92 0.1 2.12891e-08
93 0.1 2.14554e-08
94 0.1 2.16196e-08
95 0.1 2.17817e-08
96 0.1 2.19417e-08
97 0.1 2.20996e-08
98 0.1 2.22555e-08
99 0.1 2.24095e-08
100 0.1 2.25614e-08
1 0.2 8.81008e-26
2 0.2 1.02484e-17
3 0.2 6.53272e-15
4 0.2 1.91126e-13
5 0.2 1.57968e-12
6 0.2 6.81054e-12
7 0.2 2.00171e-11
8 0.2 4.59838e-11
9 0.2 8.92338e-11
10 0.2 1.53419e-10
11 0.2 2.4106e-10
12 0.2 3.53535e-10
13 0.2 4.91223e-10
14 0.2 6.53693e-10
15 0.2 8.39916e-10
16 0.2 1.04844e-09
17 0.2 1.27755e-09
18 0.2 1.52539e-09
19 0.2 1.79005e-09
20 0.2 2.06962e-09
21 0.2 2.36229e-09
22 0.2 2.6663e-09
23 0.2 2.98001e-09
24 0.2 3.30192e-09
25 0.2 3.63064e-09
26 0.2 3.96489e-09
27 0.2 4.30353e-09
28 0.2 4.64544e-09
29 0.2 4.98985e-09
30 0.2 5.33585e-09
31 0.2 5.68271e-09
32 0.2 6.02976e-09
33 0.2 6.37642e-09
34 0.2 6.72231e-09
35 0.2 7.06672e-09
36 0.2 7.40939e-09
37 0.2 7.74996e-09
38 0.2 8.08814e-09
39 0.2 8.42366e-09
40 0.2 8.75631e-09
41 0.2 9.0859e-09
42 0.2 9.41226e-09
43 0.2 9.73525e-09
44 0.2 1.00548e-08
45 0.2 1.03707e-08
46 0.2 1.0683e-08
47 0.2 1.09916e-08
48 0.2 1.12965e-08
49 0.2 1.15975e-08
50 0.2 1.18948e-08
51 0.2 1.21883e-08
52 0.2 1.24779e-08
53 0.2 1.27638e-08
54 0.2 1.30458e-08
55 0.2 1.33241e-08
56 0.2 1.35986e-08
57 0.2 1.38694e-08
58 0.2 1.41365e-08
59 0.2 1.43999e-08
60 0.2 1.46598e-08
61 0.2 1.4916e-08
62 0.2 1.51687e-08
63 0.2 1.54179e-08
64 0.2 1.56636e-08
65 0.2 1.5906e-08
66 0.2 1.6145e-08
67 0.2 1.63806e-08
68 0.2 1.66131e-08
69 0.2 1.68423e-08
70 0.2 1.70683e-08
71 0.2 1.72912e-08
72 0.2 1.75111e-08
73 0.2 1.77279e-08
74 0.2 1.79418e-08
75 0.2 1.81527e-08
76 0.2 1.83608e-08
77 0.2 1.8566e-08
78 0.2 1.87684e-08
79 0.2 1.89681e-08
80 0.2 1.91652e-08
81 0.2 1.93595e-08
82 0.2 1.95513e-08
83 0.2 1.97405e-08
84 0.2 1.99272e-08
85 0.2 2.01113e-08
86 0.2 2.02931e-08
87 0.2 2.04725e-08
88 0.2 2.06495e-08
89 0.2 2.08241e-08
90 0.2 2.09965e-08
91 0.2 2.11667e-08
92 0.2 2.13346e-08
93 0.2 2.15004e-08
94 0.2 2.1664e-08
95 0.2 2.18255e-08
96 0.2 2.19849e-08
97 0.2 2.21423e-08
98 0.2 2.22977e-08
99 0.2 2.24511e-08
100 0.2 2.26025e-08
1 0.3 4.60968e-24
2 0.3 6.40765e-17
3 0.3 2.02365e-14
4 0.3 4.18136e-13
5 0.3 2.8155e-12
6 0.3 1.06287e-11
7 0.3 2.85076e-11
8 0.3 6.13142e-11
9 0.3 1.13291e-10
10 0.3 1.87616e-10
11 0.3 2.86278e-10
12 0.3 4.10165e-10
13 0.3 5.59241e-10
14 0.3 7.32758e-10
15 0.3 9.29454e-10
16 0.3 1.14772e-09
17 0.3 1.38577e-09
18 0.3 1.64167e-09
19 0.3 1.91353e-09
20 0.3 2.19946e-09
21 0.3 2.49767e-09
22 0.3 2.80645e-09
23 0.3 3.12422e-09
24 0.3 3.44953e-09
25 0.3 3.78104e-09
26 0.3 4.11754e-09
27 0.3 4.45794e-09
28 0.3 4.80114e-09
29 0.3 5.14646e-09
30 0.3 5.49302e-09
31 0.3 5.84011e-09
32 0.3 6.18711e-09
33 0.3 6.53347e-09
34 0.3 6.87885e-09
35 0.3 7.22256e-09
36 0.3 7.56435e-09
37 0.3 7.90391e-09
38 0.3 8.24094e-09
39 0.3 8.57521e-09
40 0.3 8.90651e-09
41 0.3 9.23467e-09
42 0.3 9.55953e-09
43 0.3 9.88097e-09
44 0.3 1.01989e-08
45 0.3 1.05132e-08
46 0.3 1.08238e-08
47 0.3 1.11307e-08
48 0.3 1.14339e-08
49 0.3 1.17332e-08
50 0.3 1.20288e-08
51 0.3 1.23205e-08
52 0.3 1.26084e-08
53 0.3 1.28926e-08
54 0.3 1.31729e-08
55 0.3 1.34495e-08
56 0.3 1.37223e-08
57 0.3 1.39914e-08
58 0.3 1.42568e-08
59 0.3 1.45186e-08
60 0.3 1.47768e-08
61 0.3 1.50314e-08
62 0.3 1.52825e-08
63 0.3 1.55301e-08
64 0.3 1.57743e-08
65 0.3 1.60151e-08
66 0.3 1.62526e-08
67 0.3 1.64868e-08
68 0.3 1.67178e-08
69 0.3 1.69455e-08
70 0.3 1.71701e-08
71 0.3 1.73916e-08
72 0.3 1.76101e-08
73 0.3 1.78256e-08
74 0.3 1.80381e-08
75 0.3 1.82477e-08
76 0.3 1.84545e-08
77 0.3 1.86584e-08
78 0.3 1.88596e-08
79 0.3 1.90581e-08
80 0.3 1.92539e-08
81 0.3 1.94471e-08
82 0.3 1.96377e-08
83 0.3 1.98257e-08
84 0.3 2.00113e-08
85 0.3 2.01943e-08
86 0.3 2.0375e-08
87 0.3 2.05533e-08
88 0.3 2.07292e-08
89 0.3 2.09028e-08
90 0.3 2.10742e-08
91 0.3 2.12433e-08
92 0.3 2.14103e-08
93 0.3 2.15751e-08
94 0.3 2.17377e-08
95 0.3 2.18983e-08
96 0.3 2.20568e-08
97 0.3 2.22132e-08
98 0.3 2.23677e-08
99 0.3 2.25202e-08
100 0.3 2.26708e-08
1 0.4 2.08068e-22
2 0.4 3.96455e-16
3 0.4 6.48618e-14
4 0.4 9.64621e-13
5 0.4 5.32928e-12
6 0.4 1.76317e-11
7 0.4 4.30577e-11
8 0.4 8.63849e-11
9 0.4 1.51338e-10
10 0.4 2.40376e-10
11 0.4 3.5475e-10
12 0.4 4.94686e-10
13 0.4 6.59613e-10
14 0.4 8.48376e-10
15 0.4 1.05943e-09
16 0.4 1.29099e-09
17 0.4 1.54114e-09
18 0.4 1.80795e-09
19 0.4 2.0895e-09
20 0.4 2.38394e-09
21 0.4 2.68954e-09
22 0.4 3.00466e-09
23 0.4 3.3278e-09
24 0.4 3.65758e-09
25 0.4 3.99275e-09
26 0.4 4.33216e-09
27 0.4 4.6747e-09
28 0.4 5.01963e-09
29 0.4 5.36605e-09
30 0.4 5.71322e-09
31 0.4 6.0605e-09
32 0.4 6.40732e-09
33 0.4 6.75329e-09
34 0.4 7.09773e-09
35 0.4 7.44037e-09
36 0.4 7.78087e-09
37 0.4 8.11893e-09
38 0.4 8.45431e-09
39 0.4 8.78678e-09
40 0.4 9.11615e-09
41 0.4 9.44228e-09
42 0.4 9.76501e-09
43 0.4 1.00843e-08
44 0.4 1.03999e-08
45 0.4 1.07119e-08
46 0.4 1.10202e-08
47 0.4 1.13247e-08
48 0.4 1.16255e-08
49 0.4 1.19224e-08
50 0.4 1.22156e-08
51 0.4 1.25049e-08
52 0.4 1.27904e-08
53 0.4 1.30721e-08
54 0.4 1.335e-08
55 0.4 1.36242e-08
56 0.4 1.38946e-08
57 0.4 1.41614e-08
58 0.4 1.44245e-08
59 0.4 1.4684e-08
60 0.4 1.49399e-08
61 0.4 1.51923e-08
62 0.4 1.54411e-08
63 0.4 1.56866e-08
64 0.4 1.59286e-08
65 0.4 1.61673e-08
66 0.4 1.64026e-08
67 0.4 1.66348e-08
68 0.4 1.68637e-08
69 0.4 1.70894e-08
70 0.4 1.7312e-08
71 0.4 1.75316e-08
72 0.4 1.77481e-08
73 0.4 1.79617e-08
74 0.4 1.81724e-08
75 0.4 1.83802e-08
76 0.4 1.85851e-08
77 0.4 1.87873e-08
78 0.4 1.89868e-08
79 0.4 1.91835e-08
80 0.4 1.93776e-08
81 0.4 1.95691e-08
82 0.4 1.97581e-08
83 0.4 1.99445e-08
84 0.4 2.01285e-08
85 0.4 2.031e-08
86 0.4 2.04892e-08
87 0.4 2.06659e-08
88 0.4 2.08404e-08
89 0.4 2.10126e-08
90 0.4 2.11825e-08
91 0.4 2.13502e-08
92 0.4 2.15158e-08
93 0.4 2.16792e-08
94 0.4 2.18405e-08
95 0.4 2.19997e-08
96 0.4 2.21569e-08
97 0.4 2.23121e-08
98 0.4 2.24653e-08
99 0.4 2.26166e-08
100 0.4 2.27659e-08
1 0.5 7.68977e-21
2 0.5 2.30409e-15
3 0.5 2.04304e-13
4 0.5 2.23501e-12
5 0.5 1.02539e-11
6 0.5 2.99341e-11
7 0.5 6.67978e-11
8 0.5 1.25205e-10
9 0.5 2.08035e-10
10 0.5 3.16766e-10
11 0.5 4.51717e-10
12 0.5 6.12326e-10
13 0.5 7.97404e-10
14 0.5 1.00535e-09
15 0.5 1.23431e-09
16 0.5 1.48232e-09
17 0.5 1.74738e-09
18 0.5 2.02752e-09
19 0.5 2.32086e-09
20 0.5 2.6256e-09
21 0.5 2.9401e-09
22 0.5 3.2628e-09
23 0.5 3.59232e-09
24 0.5 3.92736e-09
25 0.5 4.26678e-09
26 0.5 4.60945e-09
27 0.5 4.95459e-09
28 0.5 5.30131e-09
29 0.5 5.64885e-09
30 0.5 5.99657e-09
31 0.5 6.34387e-09
32 0.5 6.69038e-09
33 0.5 7.03539e-09
34 0.5 7.37863e-09
35 0.5 7.71976e-09
36 0.5 8.05847e-09
37 0.5 8.39452e-09
38 0.5 8.72768e-09
39 0.5 9.05775e-09
40 0.5 9.38458e-09
41 0.5 9.70804e-09
42 0.5 1.0028e-08
43 0.5 1.03444e-08
44 0.5 1.06571e-08
45 0.5 1.09661e-08
46 0.5 1.12714e-08
47 0.5 1.15728e-08
48 0.5 1.18705e-08
49 0.5 1.21643e-08
50 0.5 1.24543e-08
51 0.5 1.27405e-08
52 0.5 1.30229e-08
53 0.5 1.33015e-08
54 0.5 1.35764e-08
55 0.5 1.38475e-08
56 0.5 1.41149e-08
57 0.5 1.43787e-08
58 0.5 1.46388e-08
59 0.5 1.48953e-08
60 0.5 1.51483e-08
61 0.5 1.53978e-08
62 0.5 1.56439e-08
63 0.5 1.58865e-08
64 0.5 1.61257e-08
65 0.5 1.63617e-08
66 0.5 1.65944e-08
67 0.5 1.68238e-08
68 0.5 1.70501e-08
69 0.5 1.72733e-08
70 0.5 1.74934e-08
71 0.5 1.77104e-08
72 0.5 1.79245e-08
73 0.5 1.81357e-08
74 0.5 1.8344e-08
75 0.5 1.85494e-08
76 0.5 1.87521e-08
77 0.5 1.8952e-08
78 0.5 1.91492e-08
79 0.5 1.93438e-08
80 0.5 1.95358e-08
81 0.5 1.97252e-08
82 0.5 1.9912e-08
83 0.5 2.00964e-08
84 0.5 2.02784e-08
85 0.5 2.04579e-08
86 0.5 2.06351e-08
87 0.5 2.08099e-08
88 0.5 2.09825e-08
89 0.5 2.11528e-08
90 0.5 2.13209e-08
91 0.5 2.14869e-08
92 0.5 2.16506e-08
93 0.5 2.18123e-08
94 0.5 2.19719e-08
95 0.5 2.21295e-08
96 0.5 2.2285e-08
97 0.5 2.24385e-08
98 0.5 2.25901e-08
99 0.5 2.27398e-08
100 0.5 2.28876e-08
1 0.6 2.27537e-19
2 0.6 1.22988e-14
3 0.6 6.18223e-13
4 0.6 5.08436e-12
5 0.6 1.9616e-11
6 0.6 5.09328e-11
7 0.6 1.04401e-10
8 0.6 1.83456e-10
9 0.6 2.89744e-10
10 0.6 4.23506e-10
11 0.6 5.83983e-10
12 0.6 7.69754e-10
13 0.6 9.78991e-10
14 0.6 1.20965e-09
15 0.6 1.4596e-09
16 0.6 1.72672e-09
17 0.6 2.00896e-09
18 0.6 2.30435e-09
19 0.6 2.61108e-09
20 0.6 2.92745e-09
21 0.6 3.25191e-09
22 0.6 3.58304e-09
23 0.6 3.91957e-09
24 0.6 4.26033e-09
25 0.6 4.60431e-09
26 0.6 4.95047e-09
27 0.6 5.29817e-09
28 0.6 5.6466e-09
29 0.6 5.9951e-09
30 0.6 6.3431e-09
31 0.6 6.69023e-09
32 0.6 7.03579e-09
33 0.6 7.37951e-09
34 0.6 7.72106e-09
35 0.6 8.06015e-09
36 0.6 8.39652e-09
37 0.6 8.72995e-09
38 0.6 9.06027e-09
39 0.6 9.38731e-09
40 0.6 9.71094e-09
41 0.6 1.00311e-08
42 0.6 1.03476e-08
43 0.6 1.06604e-08
44 0.6 1.09695e-08
45 0.6 1.12748e-08
46 0.6 1.15763e-08
47 0.6 1.1874e-08
48 0.6 1.21679e-08
49 0.6 1.24579e-08
50 0.6 1.27441e-08
51 0.6 1.30265e-08
52 0.6 1.33051e-08
53 0.6 1.358e-08
54 0.6 1.38511e-08
55 0.6 1.41185e-08
56 0.6 1.43822e-08
57 0.6 1.46423e-08
58 0.6 1.48988e-08
59 0.6 1.51517e-08
60 0.6 1.54012e-08
61 0.6 1.56472e-08
62 0.6 1.58897e-08
63 0.6 1.6129e-08
64 0.6 1.63648e-08
65 0.6 1.65975e-08
66 0.6 1.68269e-08
67 0.6 1.70531e-08
68 0.6 1.72762e-08
69 0.6 1.74963e-08
70 0.6 1.77133e-08
71 0.6 1.79274e-08
72 0.6 1.81385e-08
73 0.6 1.83467e-08
74 0.6 1.85521e-08
75 0.6 1.87547e-08
76 0.6 1.89546e-08
77 0.6 1.91518e-08
78 0.6 1.93463e-08
79 0.6 1.95382e-08
80 0.6 1.97276e-08
81 0.6 1.99144e-08
82 0.6 2.00988e-08
83 0.6 2.02807e-08
84 0.6 2.04602e-08
85 0.6 2.06373e-08
86 0.6 2.08121e-08
87 0.6 2.09847e-08
88 0.6 2.1155e-08
89 0.6 2.1323e-08
90 0.6 2.14889e-08
91 0.6 2.16527e-08
92 0.6 2.18143e-08
93 0.6 2.19739e-08
94 0.6 2.21314e-08
95 0.6 2.22869e-08
96 0.6 2.24404e-08
97 0.6 2.2592e-08
98 0.6 2.27416e-08
99 0.6 2.28894e-08
100 0.6 2.30352e-08
1 0.7 5.33116e-18
2 0.7 5.96248e-14
3 0.7 1.77658e-12
4 0.7 1.1223e-11
5 0.7 3.68701e-11
6 0.7 8.58382e-11
7 0.7 1.62525e-10
8 0.7 2.68807e-10
9 0.7 4.04706e-10
10 0.7 5.69034e-10
11 0.7 7.59885e-10
12 0.7 9.74986e-10
13 0.7 1.21192e-09
14 0.7 1.46825e-09
15 0.7 1.74165e-09
16 0.7 2.02991e-09
17 0.7 2.33096e-09
18 0.7 2.64291e-09
19 0.7 2.96405e-09
20 0.7 3.29281e-09
21 0.7 3.62779e-09
22 0.7 3.96772e-09
23 0.7 4.31147e-09
24 0.7 4.65803e-09
25 0.7 5.00641e-09
26 0.7 5.35601e-09
27 0.7 5.70603e-09
28 0.7 6.05584e-09
29 0.7 6.40491e-09
30 0.7 6.75288e-09
31 0.7 7.09908e-09
32 0.7 7.44327e-09
33 0.7 7.78513e-09
34 0.7 8.12438e-09
35 0.7 8.46079e-09
36 0.7 8.79416e-09
37 0.7 9.12431e-09
38 0.7 9.4511e-09
39 0.7 9.77441e-09
40 0.7 1.00941e-08
41 0.7 1.04102e-08
42 0.7 1.07225e-08
43 0.7 1.10311e-08
44 0.7 1.13358e-08
45 0.7 1.16368e-08
46 0.7 1.19338e-08
47 0.7 1.2227e-08
48 0.7 1.25164e-08
49 0.7 1.28019e-08
50 0.7 1.30836e-08
51 0.7 1.33615e-08
52 0.7 1.36357e-08
53 0.7 1.39061e-08
54 0.7 1.41728e-08
55 0.7 1.44358e-08
56 0.7 1.46952e-08
57 0.7 1.4951e-08
58 0.7 1.52032e-08
59 0.7 1.54519e-08
60 0.7 1.56972e-08
61 0.7 1.59391e-08
62 0.7 1.61777e-08
63 0.7 1.64129e-08
64 0.7 1.66449e-08
65 0.7 1.68736e-08
66 0.7 1.70992e-08
67 0.7 1.73217e-08
68 0.7 1.75411e-08
69 0.7 1.77575e-08
70 0.7 1.79709e-08
71 0.7 1.81814e-08
72 0.7 1.83891e-08
73 0.7 1.85939e-08
74 0.7 1.87959e-08
75 0.7 1.89952e-08
76 0.7 1.91918e-08
77 0.7 1.93858e-08
78 0.7 1.95772e-08
79 0.7 1.9766e-08
80 0.7 1.99523e-08
81 0.7 2.01361e-08
82 0.7 2.03175e-08
83 0.7 2.04965e-08
84 0.7 2.06732e-08
85 0.7 2.08475e-08
86 0.7 2.10196e-08
87 0.7 2.11894e-08
88 0.7 2.1357e-08
89 0.7 2.15225e-08
90 0.7 2.16858e-08
91 0.7 2.1847e-08
92 0.7 2.20061e-08
93 0.7 2.21632e-08
94 0.7 2.23183e-08
95 0.7 2.24714e-08
96 0.7 2.26225e-08
97 0.7 2.27718e-08
98 0.7 2.29191e-08
99 0.7 2.30646e-08
100 0.7 2.32083e-08
1 0.8 9.83598e-17
2 0.8 2.61016e-13
3 0.8 4.81799e-12
4 0.8 2.38793e-11
5 0.8 6.76267e-11
6 0.8 1.42301e-10
7 0.8 2.50262e-10
8 0.8 3.91182e-10
9 0.8 5.63158e-10
10 0.8 7.63492e-10
11 0.8 9.89183e-10
12 0.8 1.23721e-09
13 0.8 1.50467e-09
14 0.8 1.78889e-09
15 0.8 2.08742e-09
16 0.8 2.39804e-09
17 0.8 2.71879e-09
18 0.8 3.0479e-09
19 0.8 3.3838e-09
20 0.8 3.72511e-09
21 0.8 4.0706e-09
22 0.8 4.41918e-09
23 0.8 4.76989e-09
24 0.8 5.1218e-09
25 0.8 5.47435e-09
26 0.8 5.82681e-09
27 0.8 6.17859e-09
28 0.8 6.5292e-09
29 0.8 6.87834e-09
30 0.8 7.22537e-09
31 0.8 7.57009e-09
32 0.8 7.91221e-09
33 0.8 8.25148e-09
34 0.8 8.58771e-09
35 0.8 8.92071e-09
36 0.8 9.25032e-09
37 0.8 9.57644e-09
38 0.8 9.89895e-09
39 0.8 1.02178e-08
40 0.8 1.05328e-08
41 0.8 1.08441e-08
42 0.8 1.11515e-08
43 0.8 1.14551e-08
44 0.8 1.17547e-08
45 0.8 1.20505e-08
46 0.8 1.23424e-08
47 0.8 1.26304e-08
48 0.8 1.29146e-08
49 0.8 1.31949e-08
50 0.8 1.34714e-08
51 0.8 1.37442e-08
52 0.8 1.40132e-08
53 0.8 1.42785e-08
54 0.8 1.45401e-08
55 0.8 1.47981e-08
56 0.8 1.50525e-08
57 0.8 1.53034e-08
58 0.8 1.55507e-08
59 0.8 1.57947e-08
60 0.8 1.60352e-08
61 0.8 1.62724e-08
62 0.8 1.65063e-08
63 0.8 1.6737e-08
64 0.8 1.69645e-08
65 0.8 1.71888e-08
66 0.8 1.741e-08
67 0.8 1.76282e-08
68 0.8 1.78434e-08
69 0.8 1.80556e-08
70 0.8 1.8265e-08
71 0.8 1.84715e-08
72 0.8 1.86751e-08
73 0.8 1.88761e-08
74 0.8 1.90743e-08
75 0.8 1.92698e-08
76 0.8 1.94627e-08
77 0.8 1.9653e-08
78 0.8 1.98408e-08
79 0.8 2.00261e-08
80 0.8 2.02089e-08
81 0.8 2.03893e-08
82 0.8 2.05674e-08
83 0.8 2.07431e-08
84 0.8 2.09165e-08
85 0.8 2.10876e-08
86 0.8 2.12565e-08
87 0.8 2.14232e-08
88 0.8 2.15878e-08
89 0.8 2.17502e-08
90 0.8 2.19106e-08
91 0.8 2.20689e-08
92 0.8 2.22252e-08
93 0.8 2.23794e-08
94 0.8 2.25318e-08
95 0.8 2.26821e-08
96 0.8 2.28306e-08
97 0.8 2.29772e-08
98 0.8 2.3122e-08
99 0.8 2.32649e-08
100 0.8 2.3406e-08
1 0.9 1.42573e-15
2 0.9 1.02888e-12
3 0.9 1.22883e-11
4 0.9 4.87879e-11
5 0.9 1.20551e-10
6 0.9 2.31067e-10
7 0.9 3.79533e-10
8 0.9 5.62924e-10
9 0.9 7.77311e-10
10 0.9 1.01859e-09
11 0.9 1.28284e-09
12 0.9 1.56649e-09
13 0.9 1.86638e-09
14 0.9 2.17973e-09
15 0.9 2.50412e-09
16 0.9 2.83746e-09
17 0.9 3.17795e-09
18 0.9 3.52401e-09
19 0.9 3.87431e-09
20 0.9 4.22765e-09
21 0.9 4.58304e-09
22 0.9 4.93958e-09
23 0.9 5.29641e-09
24 0.9 5.65307e-09
25 0.9 6.00889e-09
26 0.9 6.36336e-09
27 0.9 6.71605e-09
28 0.9 7.06674e-09
29 0.9 7.41482e-09
30 0.9 7.76016e-09
31 0.9 8.10253e-09
32 0.9 8.44171e-09
33 0.9 8.77754e-09
34 0.9 9.10989e-09
35 0.9 9.43863e-09
36 0.9 9.76366e-09
37 0.9 1.00849e-08
38 0.9 1.04023e-08
39 0.9 1.07159e-08
40 0.9 1.10255e-08
41 0.9 1.13312e-08
42 0.9 1.16329e-08
43 0.9 1.19307e-08
44 0.9 1.22245e-08
45 0.9 1.25144e-08
46 0.9 1.28004e-08
47 0.9 1.30825e-08
48 0.9 1.33608e-08
49 0.9 1.36352e-08
50 0.9 1.39058e-08
51 0.9 1.41727e-08
52 0.9 1.44359e-08
53 0.9 1.46955e-08
54 0.9 1.49514e-08
55 0.9 1.52037e-08
56 0.9 1.54525e-08
57 0.9 1.56979e-08
58 0.9 1.59398e-08
59 0.9 1.61784e-08
60 0.9 1.64136e-08
61 0.9 1.66455e-08
62 0.9 1.68743e-08
63 0.9 1.70998e-08
64 0.9 1.73223e-08
65 0.9 1.75417e-08
66 0.9 1.7758e-08
67 0.9 1.79714e-08
68 0.9 1.81819e-08
69 0.9 1.83895e-08
70 0.9 1.85942e-08
71 0.9 1.87962e-08
72 0.9 1.89954e-08
73 0.9 1.9192e-08
74 0.9 1.93859e-08
75 0.9 1.95772e-08
76 0.9 1.9766e-08
77 0.9 1.99522e-08
78 0.9 2.0136e-08
79 0.9 2.03174e-08
80 0.9 2.04963e-08
81 0.9 2.06729e-08
82 0.9 2.08472e-08
83 0.9 2.10192e-08
84 0.9 2.1189e-08
85 0.9 2.13565e-08
86 0.9 2.15219e-08
87 0.9 2.16852e-08
88 0.9 2.18464e-08
89 0.9 2.20054e-08
90 0.9 2.21625e-08
91 0.9 2.23176e-08
92 0.9 2.24706e-08
93 0.9 2.26218e-08
94 0.9 2.2771e-08
95 0.9 2.29183e-08
96 0.9 2.30638e-08
97 0.9 2.32074e-08
98 0.9 2.33493e-08
99 0.9 2.34893e-08
100 0.9 2.36276e-08
1 1 1.62351e-14
2 1 3.64818e-12
3 1 2.94251e-11
4 1 9.55056e-11
5 1 2.08331e-10
6 1 3.66537e-10
7 1 5.653e-10
8 1 7.9876e-10
9 1 1.06116e-09
10 1 1.34729e-09
11 1 1.65265e-09
12 1 1.97344e-09
13 1 2.30645e-09
14 1 2.64901e-09
15 1 2.99892e-09
16 1 3.35432e-09
17 1 3.71366e-09
18 1 4.07564e-09
19 1 4.43919e-09
20 1 4.80338e-09
21 1 5.16744e-09
22 1 5.5306e-09
23 1 5.89251e-09
24 1 6.2526e-09
25 1 6.61047e-09
26 1 6.96578e-09
27 1 7.31837e-09
28 1 7.66773e-09
29 1 8.01379e-09
30 1 8.35637e-09
31 1 8.69534e-09
32 1 9.03057e-09
33 1 9.36197e-09
34 1 9.68947e-09
35 1 1.0013e-08
36 1 1.03325e-08
37 1 1.0648e-08
38 1 1.09595e-08
39 1 1.12669e-08
40 1 1.15702e-08
41 1 1.18695e-08
42 1 1.21647e-08
43 1 1.24559e-08
44 1 1.27432e-08
45 1 1.30265e-08
46 1 1.33058e-08
47 1 1.35813e-08
48 1 1.3853e-08
49 1 1.41208e-08
50 1 1.43849e-08
51 1 1.46453e-08
52 1 1.49021e-08
53 1 1.51552e-08
54 1 1.54048e-08
55 1 1.56509e-08
56 1 1.58935e-08
57 1 1.61328e-08
58 1 1.63687e-08
59 1 1.66013e-08
60 1 1.68306e-08
61 1 1.70568e-08
62 1 1.72798e-08
63 1 1.74998e-08
64 1 1.77167e-08
65 1 1.79306e-08
66 1 1.81416e-08
67 1 1.83497e-08
68 1 1.8555e-08
69 1 1.87574e-08
70 1 1.89572e-08
71 1 1.91542e-08
72 1 1.93486e-08
73 1 1.95403e-08
74 1 1.97295e-08
75 1 1.99162e-08
76 1 2.01004e-08
77 1 2.02822e-08
78 1 2.04616e-08
79 1 2.06386e-08
80 1 2.08132e-08
81 1 2.09857e-08
82 1 2.11558e-08
83 1 2.13238e-08
84 1 2.14895e-08
85 1 2.16532e-08
86 1 2.18147e-08
87 1 2.19742e-08
88 1 2.21316e-08
89 1 2.2287e-08
90 1 2.24404e-08
91 1 2.25919e-08
92 1 2.27415e-08
93 1 2.28891e-08
94 1 2.30349e-08
95 1 2.31789e-08
96 1 2.33211e-08
97 1 2.34615e-08
98 1 2.36001e-08
99 1 2.3737e-08
100 1 2.38722e-08
