1 0 9.52292e-69
2 0 1.10836e-39
3 0 6.62503e-30
4 0 5.63216e-25
5 0 5.39583e-22
6 0 5.43089e-20
7 0 1.49957e-18
8 0 1.83837e-17
9 0 1.30855e-16
10 0 6.35569e-16
11 0 2.33515e-15
12 0 6.95304e-15
13 0 1.76006e-14
14 0 3.91974e-14
15 0 7.87623e-14
16 0 1.45527e-13
17 0 2.50872e-13
18 0 4.081e-13
19 0 6.32106e-13
20 0 9.38963e-13
21 0 1.3455e-12
22 0 1.86886e-12
23 0 2.52612e-12
24 0 3.33395e-12
25 0 4.30829e-12
26 0 5.46414e-12
27 0 6.81536e-12
28 0 8.37459e-12
29 0 1.01531e-11
30 0 1.21608e-11
31 0 1.44061e-11
32 0 1.68963e-11
33 0 1.96371e-11
34 0 2.2633e-11
35 0 2.58874e-11
36 0 2.94025e-11
37 0 3.31792e-11
38 0 3.72179e-11
39 0 4.15177e-11
40 0 4.60771e-11
41 0 5.08938e-11
42 0 5.59649e-11
43 0 6.12868e-11
44 0 6.68555e-11
45 0 7.26665e-11
46 0 7.87151e-11
47 0 8.49959e-11
48 0 9.15035e-11
49 0 9.82322e-11
50 0 1.05176e-10
51 0 1.12329e-10
52 0 1.19686e-10
53 0 1.27239e-10
54 0 1.34982e-10
55 0 1.4291e-10
56 0 1.51016e-10
57 0 1.59294e-10
58 0 1.67737e-10
59 0 1.76339e-10
60 0 1.85094e-10
61 0 1.93996e-10
62 0 2.03039e-10
63 0 2.12218e-10
64 0 2.21526e-10
65 0 2.30957e-10
66 0 2.40507e-10
67 0 2.50169e-10
68 0 2.59939e-10
69 0 2.69811e-10
70 0 2.7978e-10
71 0 2.89841e-10
72 0 2.9999e-10
73 0 3.10222e-10
74 0 3.20532e-10
75 0 3.30916e-10
76 0 3.41369e-10
77 0 3.51888e-10
78 0 3.62468e-10
79 0 3.73105e-10
80 0 3.83796e-10
81 0 3.94537e-10
82 0 4.05324e-10
83 0 4.16155e-10
84 0 4.27025e-10
85 0 4.37931e-10
86 0 4.48871e-10
87 0 4.59841e-10
88 0 4.70838e-10
89 0 4.8186e-10
90 0 4.92903e-10
91 0 5.03966e-10
92 0 5.15046e-10
93 0 5.2614e-10
94 0 5.37246e-10
95 0 5.48362e-10
96 0 5.59485e-10
97 0 5.70613e-10
98 0 5.81745e-10
99 0 5.92878e-10
100 0 6.04011e-10
1 0.1 2.5546e-66
2 0.1 9.0598e-39
3 0.1 1.99419e-29
4 0.1 1.1057e-24
5 0.1 8.49482e-22
6 0.1 7.52184e-20
7 0.1 1.91593e-18
8 0.1 2.22536e-17
9 0.1 1.52516e-16
10 0.1 7.20641e-16
11 0.1 2.59352e-15
12 0.1 7.60042e-15
13 0.1 1.90001e-14
14 0.1 4.18927e-14
15 0.1 8.34955e-14
16 0.1 1.53241e-13
17 0.1 2.62694e-13
18 0.1 4.2532e-13
19 0.1 6.56137e-13
20 0.1 9.71306e-13
21 0.1 1.3877e-12
22 0.1 1.92248e-12
23 0.1 2.59269e-12
24 0.1 3.41495e-12
25 0.1 4.40513e-12
26 0.1 5.57812e-12
27 0.1 6.9477e-12
28 0.1 8.52635e-12
29 0.1 1.03252e-11
30 0.1 1.23541e-11
31 0.1 1.46214e-11
32 0.1 1.71341e-11
33 0.1 1.98978e-11
34 0.1 2.29171e-11
35 0.1 2.61951e-11
36 0.1 2.97338e-11
37 0.1 3.35343e-11
38 0.1 3.75967e-11
39 0.1 4.19202e-11
40 0.1 4.6503e-11
41 0.1 5.13429e-11
42 0.1 5.64369e-11
43 0.1 6.17814e-11
44 0.1 6.73723e-11
45 0.1 7.32051e-11
46 0.1 7.92749e-11
47 0.1 8.55765e-11
48 0.1 9.21044e-11
49 0.1 9.8853e-11
50 0.1 1.05816e-10
51 0.1 1.12988e-10
52 0.1 1.20362e-10
53 0.1 1.27933e-10
54 0.1 1.35694e-10
55 0.1 1.43638e-10
56 0.1 1.5176e-10
57 0.1 1.60053e-10
58 0.1 1.6851e-10
59 0.1 1.77127e-10
60 0.1 1.85895e-10
61 0.1 1.94811e-10
62 0.1 2.03866e-10
63 0.1 2.13057e-10
64 0.1 2.22376e-10
65 0.1 2.31818e-10
66 0.1 2.41378e-10
67 0.1 2.51051e-10
68 0.1 2.6083e-10
69 0.1 2.70711e-10
70 0.1 2.80689e-10
71 0.1 2.90758e-10
72 0.1 3.00915e-10
73 0.1 3.11154e-10
74 0.1 3.21471e-10
75 0.1 3.31861e-10
76 0.1 3.4232e-10
77 0.1 3.52845e-10
78 0.1 3.6343e-10
79 0.1 3.74072e-10
80 0.1 3.84768e-10
81 0.1 3.95513e-10
82 0.1 4.06305e-10
83 0.1 4.17139e-10
84 0.1 4.28012e-10
85 0.1 4.38922e-10
86 0.1 4.49864e-10
87 0.1 4.60837e-10
88 0.1 4.71837e-10
89 0.1 4.82861e-10
90 0.1 4.93906e-10
91 0.1 5.04971e-10
92 0.1 5.16052e-10
93 0.1 5.27147e-10
94 0.1 5.38254e-10
95 0.1 5.4937e-10
96 0.1 5.60494e-10
97 0.1 5.71623e-10
98 0.1 5.82755e-10
99 0.1 5.93888e-10
100 0.1 6.05021e-10
1 0.2 4.48544e-63
2 0.2 2.80441e-37
3 0.2 1.60924e-28
4 0.2 4.58806e-24
5 0.2 2.38884e-21
6 0.2 1.64828e-19
7 0.2 3.54311e-18
8 0.2 3.64795e-17
9 0.2 2.28822e-16
10 0.2 1.01125e-15
11 0.2 3.45612e-15
12 0.2 9.7243e-15
13 0.2 2.35293e-14
14 0.2 5.05209e-14
15 0.2 9.85153e-14
16 0.2 1.77543e-13
17 0.2 2.99722e-13
18 0.2 4.78985e-13
19 0.2 7.30715e-13
20 0.2 1.07132e-12
21 0.2 1.5178e-12
22 0.2 2.08734e-12
23 0.2 2.7969e-12
24 0.2 3.66293e-12
25 0.2 4.70106e-12
26 0.2 5.9259e-12
27 0.2 7.35088e-12
28 0.2 8.98814e-12
29 0.2 1.08485e-11
30 0.2 1.29413e-11
31 0.2 1.52745e-11
32 0.2 1.78549e-11
33 0.2 2.06877e-11
34 0.2 2.3777e-11
35 0.2 2.71257e-11
36 0.2 3.07356e-11
37 0.2 3.46074e-11
38 0.2 3.8741e-11
39 0.2 4.31353e-11
40 0.2 4.77884e-11
41 0.2 5.26978e-11
42 0.2 5.78604e-11
43 0.2 6.32725e-11
44 0.2 6.89298e-11
45 0.2 7.48277e-11
46 0.2 8.09613e-11
47 0.2 8.73251e-11
48 0.2 9.39138e-11
49 0.2 1.00722e-10
50 0.2 1.07742e-10
51 0.2 1.1497e-10
52 0.2 1.22399e-10
53 0.2 1.30022e-10
54 0.2 1.37833e-10
55 0.2 1.45826e-10
56 0.2 1.53996e-10
57 0.2 1.62334e-10
58 0.2 1.70836e-10
59 0.2 1.79494e-10
60 0.2 1.88303e-10
61 0.2 1.97258e-10
62 0.2 2.06351e-10
63 0.2 2.15577e-10
64 0.2 2.2493e-10
65 0.2 2.34406e-10
66 0.2 2.43997e-10
67 0.2 2.53699e-10
68 0.2 2.63506e-10
69 0.2 2.73414e-10
70 0.2 2.83418e-10
71 0.2 2.93512e-10
72 0.2 3.03691e-10
73 0.2 3.13952e-10
74 0.2 3.24289e-10
75 0.2 3.34699e-10
76 0.2 3.45176e-10
77 0.2 3.55718e-10
78 0.2 3.66319e-10
79 0.2 3.76977e-10
80 0.2 3.87686e-10
81 0.2 3.98444e-10
82 0.2 4.09248e-10
83 0.2 4.20093e-10
84 0.2 4.30977e-10
85 0.2 4.41896e-10
86 0.2 4.52847e-10
87 0.2 4.63827e-10
88 0.2 4.74834e-10
89 0.2 4.85864e-10
90 0.2 4.96915e-10
91 0.2 5.07984e-10
92 0.2 5.19069e-10
93 0.2 5.30168e-10
94 0.2 5.41278e-10
95 0.2 5.52396e-10
96 0.2 5.63522e-10
97 0.2 5.74652e-10
98 0.2 5.85784e-10
99 0.2 5.96918e-10
100 0.2 6.0805e-10
1 0.3 8.02363e-60
2 0.3 1.01295e-35
3 0.3 1.581e-27
4 0.3 2.34932e-23
5 0.3 8.27377e-21
6 0.3 4.40238e-19
7 0.3 7.87114e-18
8 0.3 7.07081e-17
9 0.3 3.99643e-16
10 0.3 1.62793e-15
11 0.3 5.21368e-15
12 0.3 1.39173e-14
13 0.3 3.22507e-14
14 0.3 6.68055e-14
15 0.3 1.26404e-13
16 0.3 2.22065e-13
17 0.3 3.66801e-13
18 0.3 5.75291e-13
19 0.3 8.63483e-13
20 0.3 1.24815e-12
21 0.3 1.74648e-12
22 0.3 2.37563e-12
23 0.3 3.15241e-12
24 0.3 4.09295e-12
25 0.3 5.21246e-12
26 0.3 6.52506e-12
27 0.3 8.04361e-12
28 0.3 9.77965e-12
29 0.3 1.17433e-11
30 0.3 1.39434e-11
31 0.3 1.63873e-11
32 0.3 1.9081e-11
33 0.3 2.20293e-11
34 0.3 2.52357e-11
35 0.3 2.87025e-11
36 0.3 3.24311e-11
37 0.3 3.64218e-11
38 0.3 4.06739e-11
39 0.3 4.5186e-11
40 0.3 4.9956e-11
41 0.3 5.4981e-11
42 0.3 6.02577e-11
43 0.3 6.57819e-11
44 0.3 7.15495e-11
45 0.3 7.75554e-11
46 0.3 8.37947e-11
47 0.3 9.02618e-11
48 0.3 9.69512e-11
49 0.3 1.03857e-10
50 0.3 1.10973e-10
51 0.3 1.18293e-10
52 0.3 1.25811e-10
53 0.3 1.33521e-10
54 0.3 1.41417e-10
55 0.3 1.49491e-10
56 0.3 1.57739e-10
57 0.3 1.66152e-10
58 0.3 1.74727e-10
59 0.3 1.83455e-10
60 0.3 1.92331e-10
61 0.3 2.0135e-10
62 0.3 2.10505e-10
63 0.3 2.1979e-10
64 0.3 2.292e-10
65 0.3 2.38729e-10
66 0.3 2.48372e-10
67 0.3 2.58123e-10
68 0.3 2.67977e-10
69 0.3 2.7793e-10
70 0.3 2.87975e-10
71 0.3 2.98109e-10
72 0.3 3.08326e-10
73 0.3 3.18623e-10
74 0.3 3.28994e-10
75 0.3 3.39435e-10
76 0.3 3.49943e-10
77 0.3 3.60512e-10
78 0.3 3.7114e-10
79 0.3 3.81822e-10
80 0.3 3.92554e-10
81 0.3 4.03334e-10
82 0.3 4.14157e-10
83 0.3 4.25021e-10
84 0.3 4.35921e-10
85 0.3 4.46855e-10
86 0.3 4.5782e-10
87 0.3 4.68813e-10
88 0.3 4.79831e-10
89 0.3 4.90871e-10
90 0.3 5.01931e-10
91 0.3 5.13008e-10
92 0.3 5.241e-10
93 0.3 5.35204e-10
94 0.3 5.46319e-10
95 0.3 5.57441e-10
96 0.3 5.68569e-10
97 0.3 5.797e-10
98 0.3 5.90834e-10
99 0.3 6.01967e-10
100 0.3 6.13098e-10
1 0.4 1.23402e-56
2 0.4 3.60359e-34
3 0.4 1.60052e-26
4 0.4 1.26766e-22
5 0.4 3.0588e-20
6 0.4 1.26445e-18
7 0.4 1.88746e-17
8 0.4 1.48103e-16
9 0.4 7.53702e-16
10 0.4 2.82419e-15
11 0.4 8.45194e-15
12 0.4 2.13343e-14
13 0.4 4.71812e-14
14 0.4 9.39505e-14
15 0.4 1.71883e-13
16 0.4 2.93352e-13
17 0.4 4.72565e-13
18 0.4 7.25172e-13
19 0.4 1.06782e-12
20 0.4 1.51772e-12
21 0.4 2.0922e-12
22 0.4 2.80833e-12
23 0.4 3.68262e-12
24 0.4 4.73072e-12
25 0.4 5.9672e-12
26 0.4 7.40544e-12
27 0.4 9.0575e-12
28 0.4 1.09341e-11
29 0.4 1.30444e-11
30 0.4 1.53964e-11
31 0.4 1.79965e-11
32 0.4 2.085e-11
33 0.4 2.39608e-11
34 0.4 2.73317e-11
35 0.4 3.09642e-11
36 0.4 3.48591e-11
37 0.4 3.90161e-11
38 0.4 4.34339e-11
39 0.4 4.81107e-11
40 0.4 5.30438e-11
41 0.4 5.823e-11
42 0.4 6.36655e-11
43 0.4 6.9346e-11
44 0.4 7.52669e-11
45 0.4 8.14231e-11
46 0.4 8.78093e-11
47 0.4 9.44198e-11
48 0.4 1.01249e-10
49 0.4 1.08291e-10
50 0.4 1.15539e-10
51 0.4 1.22987e-10
52 0.4 1.3063e-10
53 0.4 1.3846e-10
54 0.4 1.46472e-10
55 0.4 1.54658e-10
56 0.4 1.63014e-10
57 0.4 1.71532e-10
58 0.4 1.80207e-10
59 0.4 1.89032e-10
60 0.4 1.98001e-10
61 0.4 2.07108e-10
62 0.4 2.16348e-10
63 0.4 2.25715e-10
64 0.4 2.35203e-10
65 0.4 2.44806e-10
66 0.4 2.5452e-10
67 0.4 2.64339e-10
68 0.4 2.74257e-10
69 0.4 2.84271e-10
70 0.4 2.94374e-10
71 0.4 3.04563e-10
72 0.4 3.14832e-10
73 0.4 3.25178e-10
74 0.4 3.35595e-10
75 0.4 3.4608e-10
76 0.4 3.56629e-10
77 0.4 3.67237e-10
78 0.4 3.77901e-10
79 0.4 3.88616e-10
80 0.4 3.9938e-10
81 0.4 4.10189e-10
82 0.4 4.21039e-10
83 0.4 4.31927e-10
84 0.4 4.4285e-10
85 0.4 4.53805e-10
86 0.4 4.64789e-10
87 0.4 4.75799e-10
88 0.4 4.86832e-10
89 0.4 4.97886e-10
90 0.4 5.08958e-10
91 0.4 5.20045e-10
92 0.4 5.31146e-10
93 0.4 5.42257e-10
94 0.4 5.53378e-10
95 0.4 5.64504e-10
96 0.4 5.75635e-10
97 0.4 5.86769e-10
98 0.4 5.97903e-10
99 0.4 6.09036e-10
100 0.4 6.20165e-10
1 0.5 1.54753e-53
2 0.5 1.19742e-32
3 0.5 1.58335e-25
4 0.5 6.83637e-22
5 0.5 1.14551e-19
6 0.5 3.71158e-18
7 0.5 4.65389e-17
8 0.5 3.20337e-16
9 0.5 1.47205e-15
10 0.5 5.08326e-15
11 0.5 1.42295e-14
12 0.5 3.39764e-14
13 0.5 7.16991e-14
14 0.5 1.37177e-13
15 0.5 2.42472e-13
16 0.5 4.01636e-13
17 0.5 6.30305e-13
18 0.5 9.45234e-13
19 0.5 1.36382e-12
20 0.5 1.90367e-12
21 0.5 2.58217e-12
22 0.5 3.41614e-12
23 0.5 4.42159e-12
24 0.5 5.61343e-12
25 0.5 7.00538e-12
26 0.5 8.60981e-12
27 0.5 1.04377e-11
28 0.5 1.24986e-11
29 0.5 1.48007e-11
30 0.5 1.73507e-11
31 0.5 2.01539e-11
32 0.5 2.32146e-11
33 0.5 2.65357e-11
34 0.5 3.0119e-11
35 0.5 3.39651e-11
36 0.5 3.80741e-11
37 0.5 4.24447e-11
38 0.5 4.70751e-11
39 0.5 5.19628e-11
40 0.5 5.71047e-11
41 0.5 6.24969e-11
42 0.5 6.81353e-11
43 0.5 7.40152e-11
44 0.5 8.01315e-11
45 0.5 8.64791e-11
46 0.5 9.30522e-11
47 0.5 9.98451e-11
48 0.5 1.06852e-10
49 0.5 1.14066e-10
50 0.5 1.21482e-10
51 0.5 1.29093e-10
52 0.5 1.36893e-10
53 0.5 1.44876e-10
54 0.5 1.53035e-10
55 0.5 1.61364e-10
56 0.5 1.69856e-10
57 0.5 1.78506e-10
58 0.5 1.87308e-10
59 0.5 1.96248e-10
60 0.5 2.05341e-10
61 0.5 2.1456e-10
62 0.5 2.23908e-10
63 0.5 2.33377e-10
64 0.5 2.42963e-10
65 0.5 2.5266e-10
66 0.5 2.62463e-10
67 0.5 2.72367e-10
68 0.5 2.82366e-10
69 0.5 2.92457e-10
70 0.5 3.02633e-10
71 0.5 3.12891e-10
72 0.5 3.23226e-10
73 0.5 3.33633e-10
74 0.5 3.44108e-10
75 0.5 3.54648e-10
76 0.5 3.65248e-10
77 0.5 3.75904e-10
78 0.5 3.86613e-10
79 0.5 3.9737e-10
80 0.5 4.08173e-10
81 0.5 4.19018e-10
82 0.5 4.29901e-10
83 0.5 4.4082e-10
84 0.5 4.51771e-10
85 0.5 4.62752e-10
86 0.5 4.73759e-10
87 0.5 4.8479e-10
88 0.5 4.95842e-10
89 0.5 5.06912e-10
90 0.5 5.17998e-10
91 0.5 5.29098e-10
92 0.5 5.40209e-10
93 0.5 5.51329e-10
94 0.5 5.62456e-10
95 0.5 5.73588e-10
96 0.5 5.84722e-10
97 0.5 5.95858e-10
98 0.5 6.06992e-10
99 0.5 6.18123e-10
100 0.5 6.2925e-10
1 0.6 1.54571e-50
2 0.6 3.63008e-31
3 0.6 1.49506e-24
4 0.6 3.59907e-21
5 0.6 4.24454e-19
6 0.6 1.08762e-17
7 0.6 1.15283e-16
8 0.6 6.99347e-16
9 0.6 2.91228e-15
10 0.6 9.29291e-15
11 0.6 2.43826e-14
12 0.6 5.51569e-14
13 0.6 1.11189e-13
14 0.6 2.04548e-13
15 0.6 3.49483e-13
16 0.6 5.61975e-13
17 0.6 8.59216e-13
18 0.6 1.25909e-12
19 0.6 1.77968e-12
20 0.6 2.43882e-12
21 0.6 3.25376e-12
22 0.6 4.24083e-12
23 0.6 5.41525e-12
24 0.6 6.79096e-12
25 0.6 8.38048e-12
26 0.6 1.01949e-11
27 0.6 1.22438e-11
28 0.6 1.45355e-11
29 0.6 1.70765e-11
30 0.6 1.98723e-11
31 0.6 2.2927e-11
32 0.6 2.62434e-11
33 0.6 2.98233e-11
34 0.6 3.36673e-11
35 0.6 3.77751e-11
36 0.6 4.21457e-11
37 0.6 4.6777e-11
38 0.6 5.16665e-11
39 0.6 5.68108e-11
40 0.6 6.22062e-11
41 0.6 6.78483e-11
42 0.6 7.37324e-11
43 0.6 7.98535e-11
44 0.6 8.62062e-11
45 0.6 9.27847e-11
46 0.6 9.95834e-11
47 0.6 1.06596e-10
48 0.6 1.13817e-10
49 0.6 1.21239e-10
50 0.6 1.28856e-10
51 0.6 1.36663e-10
52 0.6 1.44652e-10
53 0.6 1.52818e-10
54 0.6 1.61153e-10
55 0.6 1.69652e-10
56 0.6 1.78309e-10
57 0.6 1.87117e-10
58 0.6 1.9607e-10
59 0.6 2.05162e-10
60 0.6 2.14388e-10
61 0.6 2.23742e-10
62 0.6 2.33217e-10
63 0.6 2.42809e-10
64 0.6 2.52512e-10
65 0.6 2.62321e-10
66 0.6 2.7223e-10
67 0.6 2.82235e-10
68 0.6 2.92331e-10
69 0.6 3.02512e-10
70 0.6 3.12775e-10
71 0.6 3.23115e-10
72 0.6 3.33527e-10
73 0.6 3.44007e-10
74 0.6 3.54551e-10
75 0.6 3.65155e-10
76 0.6 3.75815e-10
77 0.6 3.86528e-10
78 0.6 3.9729e-10
79 0.6 4.08096e-10
80 0.6 4.18945e-10
81 0.6 4.29832e-10
82 0.6 4.40754e-10
83 0.6 4.51709e-10
84 0.6 4.62693e-10
85 0.6 4.73703e-10
86 0.6 4.84737e-10
87 0.6 4.95792e-10
88 0.6 5.06865e-10
89 0.6 5.17954e-10
90 0.6 5.29057e-10
91 0.6 5.4017e-10
92 0.6 5.51293e-10
93 0.6 5.62422e-10
94 0.6 5.73556e-10
95 0.6 5.84693e-10
96 0.6 5.95831e-10
97 0.6 6.06967e-10
98 0.6 6.181e-10
99 0.6 6.29229e-10
100 0.6 6.40352e-10
1 0.7 1.21456e-47
2 0.7 9.91663e-30
3 0.7 1.33082e-23
4 0.7 1.8268e-20
5 0.7 1.53685e-18
6 0.7 3.1422e-17
7 0.7 2.83339e-16
8 0.7 1.52204e-15
9 0.7 5.76467e-15
10 0.7 1.70468e-14
11 0.7 4.20198e-14
12 0.7 9.02223e-14
13 0.7 1.74003e-13
14 0.7 3.08162e-13
15 0.7 5.09424e-13
16 0.7 7.95822e-13
17 0.7 1.1861e-12
18 0.7 1.69912e-12
19 0.7 2.35345e-12
20 0.7 3.16688e-12
21 0.7 4.1562e-12
22 0.7 5.33689e-12
23 0.7 6.72306e-12
24 0.7 8.32729e-12
25 0.7 1.01606e-11
26 0.7 1.22325e-11
27 0.7 1.45509e-11
28 0.7 1.71223e-11
29 0.7 1.99519e-11
30 0.7 2.30427e-11
31 0.7 2.63992e-11
32 0.7 3.00209e-11
33 0.7 3.39087e-11
34 0.7 3.80622e-11
35 0.7 4.24798e-11
36 0.7 4.71594e-11
37 0.7 5.20979e-11
38 0.7 5.7292e-11
39 0.7 6.27376e-11
40 0.7 6.84301e-11
41 0.7 7.43646e-11
42 0.7 8.0536e-11
43 0.7 8.69386e-11
44 0.7 9.35666e-11
45 0.7 1.00414e-10
46 0.7 1.07475e-10
47 0.7 1.14743e-10
48 0.7 1.22212e-10
49 0.7 1.29875e-10
50 0.7 1.37726e-10
51 0.7 1.45759e-10
52 0.7 1.53967e-10
53 0.7 1.62343e-10
54 0.7 1.70883e-10
55 0.7 1.79578e-10
56 0.7 1.88424e-10
57 0.7 1.97413e-10
58 0.7 2.06541e-10
59 0.7 2.15801e-10
60 0.7 2.25187e-10
61 0.7 2.34695e-10
62 0.7 2.44317e-10
63 0.7 2.54049e-10
64 0.7 2.63886e-10
65 0.7 2.73823e-10
66 0.7 2.83854e-10
67 0.7 2.93974e-10
68 0.7 3.0418e-10
69 0.7 3.14465e-10
70 0.7 3.24827e-10
71 0.7 3.35259e-10
72 0.7 3.45759e-10
73 0.7 3.56322e-10
74 0.7 3.66944e-10
75 0.7 3.77621e-10
76 0.7 3.8835e-10
77 0.7 3.99127e-10
78 0.7 4.09948e-10
79 0.7 4.2081e-10
80 0.7 4.3171e-10
81 0.7 4.42644e-10
82 0.7 4.5361e-10
83 0.7 4.64605e-10
84 0.7 4.75625e-10
85 0.7 4.86668e-10
86 0.7 4.97731e-10
87 0.7 5.08812e-10
88 0.7 5.19909e-10
89 0.7 5.31018e-10
90 0.7 5.42138e-10
91 0.7 5.53266e-10
92 0.7 5.64401e-10
93 0.7 5.75539e-10
94 0.7 5.8668e-10
95 0.7 5.97821e-10
96 0.7 6.0896e-10
97 0.7 6.20096e-10
98 0.7 6.31228e-10
99 0.7 6.42352e-10
100 0.7 6.53468e-10
1 0.8 7.45369e-45
2 0.8 2.42342e-28
3 0.8 1.10861e-22
4 0.8 8.8745e-20
5 0.8 5.39769e-18
6 0.8 8.88451e-17
7 0.8 6.85863e-16
8 0.8 3.27791e-15
9 0.8 1.13329e-14
10 0.8 3.11473e-14
11 0.8 7.22997e-14
12 0.8 1.47632e-13
13 0.8 2.72836e-13
14 0.8 4.65803e-13
15 0.8 7.4587e-13
16 0.8 1.13308e-12
17 0.8 1.6475e-12
18 0.8 2.30871e-12
19 0.8 3.13533e-12
20 0.8 4.1447e-12
21 0.8 5.35268e-12
22 0.8 6.7735e-12
23 0.8 8.41972e-12
24 0.8 1.03022e-11
25 0.8 1.243e-11
26 0.8 1.48108e-11
27 0.8 1.74505e-11
28 0.8 2.03537e-11
29 0.8 2.35237e-11
30 0.8 2.69623e-11
31 0.8 3.06704e-11
32 0.8 3.46477e-11
33 0.8 3.88933e-11
34 0.8 4.3405e-11
35 0.8 4.81803e-11
36 0.8 5.32156e-11
37 0.8 5.85071e-11
38 0.8 6.40503e-11
39 0.8 6.98404e-11
40 0.8 7.58721e-11
41 0.8 8.21399e-11
42 0.8 8.8638e-11
43 0.8 9.53603e-11
44 0.8 1.02301e-10
45 0.8 1.09453e-10
46 0.8 1.1681e-10
47 0.8 1.24367e-10
48 0.8 1.32116e-10
49 0.8 1.4005e-10
50 0.8 1.48165e-10
51 0.8 1.56452e-10
52 0.8 1.64905e-10
53 0.8 1.73519e-10
54 0.8 1.82287e-10
55 0.8 1.91203e-10
56 0.8 2.0026e-10
57 0.8 2.09453e-10
58 0.8 2.18776e-10
59 0.8 2.28223e-10
60 0.8 2.37789e-10
61 0.8 2.47467e-10
62 0.8 2.57253e-10
63 0.8 2.67142e-10
64 0.8 2.77128e-10
65 0.8 2.87206e-10
66 0.8 2.97372e-10
67 0.8 3.07621e-10
68 0.8 3.17947e-10
69 0.8 3.28348e-10
70 0.8 3.38818e-10
71 0.8 3.49354e-10
72 0.8 3.5995e-10
73 0.8 3.70604e-10
74 0.8 3.81312e-10
75 0.8 3.92069e-10
76 0.8 4.02873e-10
77 0.8 4.1372e-10
78 0.8 4.24606e-10
79 0.8 4.35528e-10
80 0.8 4.46483e-10
81 0.8 4.57469e-10
82 0.8 4.68482e-10
83 0.8 4.79519e-10
84 0.8 4.90578e-10
85 0.8 5.01656e-10
86 0.8 5.1275e-10
87 0.8 5.23859e-10
88 0.8 5.34979e-10
89 0.8 5.46109e-10
90 0.8 5.57247e-10
91 0.8 5.68389e-10
92 0.8 5.79535e-10
93 0.8 5.90682e-10
94 0.8 6.01828e-10
95 0.8 6.12972e-10
96 0.8 6.24112e-10
97 0.8 6.35246e-10
98 0.8 6.46372e-10
99 0.8 6.5749e-10
100 0.8 6.68597e-10
1 0.9 3.5565e-42
2 0.9 5.27388e-27
3 0.9 8.60279e-22
4 0.9 4.10713e-19
5 0.9 1.83038e-17
6 0.9 2.44706e-16
7 0.9 1.62749e-15
8 0.9 6.95287e-15
9 0.9 2.20233e-14
10 0.9 5.642e-14
11 0.9 1.23617e-13
12 0.9 2.40521e-13
13 0.9 4.26645e-13
14 0.9 7.03151e-13
15 0.9 1.09191e-12
16 0.9 1.61467e-12
17 0.9 2.29243e-12
18 0.9 3.14491e-12
19 0.9 4.19023e-12
20 0.9 5.44471e-12
21 0.9 6.92274e-12
22 0.9 8.63675e-12
23 0.9 1.05973e-11
24 0.9 1.28129e-11
25 0.9 1.52907e-11
26 0.9 1.80358e-11
27 0.9 2.1052e-11
28 0.9 2.43417e-11
29 0.9 2.7906e-11
30 0.9 3.17449e-11
31 0.9 3.58574e-11
32 0.9 4.02415e-11
33 0.9 4.48945e-11
34 0.9 4.9813e-11
35 0.9 5.49929e-11
36 0.9 6.04298e-11
37 0.9 6.61186e-11
38 0.9 7.2054e-11
39 0.9 7.82301e-11
40 0.9 8.46411e-11
41 0.9 9.12808e-11
42 0.9 9.81428e-11
43 0.9 1.05221e-10
44 0.9 1.12508e-10
45 0.9 1.19998e-10
46 0.9 1.27684e-10
47 0.9 1.35559e-10
48 0.9 1.43617e-10
49 0.9 1.51851e-10
50 0.9 1.60255e-10
51 0.9 1.68822e-10
52 0.9 1.77546e-10
53 0.9 1.8642e-10
54 0.9 1.95438e-10
55 0.9 2.04595e-10
56 0.9 2.13884e-10
57 0.9 2.23299e-10
58 0.9 2.32835e-10
59 0.9 2.42486e-10
60 0.9 2.52247e-10
61 0.9 2.62112e-10
62 0.9 2.72077e-10
63 0.9 2.82135e-10
64 0.9 2.92282e-10
65 0.9 3.02514e-10
66 0.9 3.12826e-10
67 0.9 3.23213e-10
68 0.9 3.33671e-10
69 0.9 3.44196e-10
70 0.9 3.54783e-10
71 0.9 3.65429e-10
72 0.9 3.7613e-10
73 0.9 3.86881e-10
74 0.9 3.9768e-10
75 0.9 4.08523e-10
76 0.9 4.19407e-10
77 0.9 4.30328e-10
78 0.9 4.41282e-10
79 0.9 4.52268e-10
80 0.9 4.63282e-10
81 0.9 4.74321e-10
82 0.9 4.85383e-10
83 0.9 4.96464e-10
84 0.9 5.07563e-10
85 0.9 5.18677e-10
86 0.9 5.29803e-10
87 0.9 5.40939e-10
88 0.9 5.52083e-10
89 0.9 5.63233e-10
90 0.9 5.74387e-10
91 0.9 5.85543e-10
92 0.9 5.96698e-10
93 0.9 6.07852e-10
94 0.9 6.19002e-10
95 0.9 6.30146e-10
96 0.9 6.41284e-10
97 0.9 6.52413e-10
98 0.9 6.63532e-10
99 0.9 6.74639e-10
100 0.9 6.85734e-10
1 1 1.31553e-39
2 1 1.01899e-25
3 1 6.19999e-21
4 1 1.80529e-18
5 1 5.9743e-17
6 1 6.54508e-16
7 1 3.77392e-15
8 1 1.44797e-14
9 1 4.21727e-14
10 1 1.00997e-13
11 1 2.09364e-13
12 1 3.88913e-13
13 1 6.63239e-13
14 1 1.05667e-12
15 1 1.59321e-12
16 1 2.29575e-12
17 1 3.18548e-12
18 1 4.28154e-12
19 1 5.6008e-12
20 1 7.15782e-12
21 1 8.96486e-12
22 1 1.1032e-11
23 1 1.33671e-11
24 1 1.59763e-11
25 1 1.88639e-11
26 1 2.20326e-11
27 1 2.54835e-11
28 1 2.92167e-11
29 1 3.32311e-11
30 1 3.75245e-11
31 1 4.20941e-11
32 1 4.69359e-11
33 1 5.20458e-11
34 1 5.74187e-11
35 1 6.30494e-11
36 1 6.8932e-11
37 1 7.50606e-11
38 1 8.14289e-11
39 1 8.80302e-11
40 1 9.48581e-11
41 1 1.01906e-10
42 1 1.09166e-10
43 1 1.16632e-10
44 1 1.24298e-10
45 1 1.32155e-10
46 1 1.40198e-10
47 1 1.48419e-10
48 1 1.56812e-10
49 1 1.65371e-10
50 1 1.74088e-10
51 1 1.82957e-10
52 1 1.91972e-10
53 1 2.01126e-10
54 1 2.10414e-10
55 1 2.1983e-10
56 1 2.29367e-10
57 1 2.39021e-10
58 1 2.48785e-10
59 1 2.58654e-10
60 1 2.68623e-10
61 1 2.78687e-10
62 1 2.88841e-10
63 1 2.9908e-10
64 1 3.094e-10
65 1 3.19795e-10
66 1 3.30261e-10
67 1 3.40795e-10
68 1 3.51391e-10
69 1 3.62047e-10
70 1 3.72757e-10
71 1 3.83519e-10
72 1 3.94329e-10
73 1 4.05182e-10
74 1 4.16077e-10
75 1 4.27009e-10
76 1 4.37975e-10
77 1 4.48972e-10
78 1 4.59998e-10
79 1 4.71049e-10
80 1 4.82123e-10
81 1 4.93216e-10
82 1 5.04327e-10
83 1 5.15453e-10
84 1 5.26592e-10
85 1 5.37741e-10
86 1 5.48898e-10
87 1 5.6006e-10
88 1 5.71227e-10
89 1 5.82395e-10
90 1 5.93563e-10
91 1 6.0473e-10
92 1 6.15893e-10
93 1 6.2705e-10
94 1 6.38201e-10
95 1 6.49343e-10
96 1 6.60475e-10
97 1 6.71595e-10
98 1 6.82703e-10
99 1 6.93796e-10
100 1 7.04874e-10
