1 0 2.12712e-08
1.25893 0 7.27104e-08
1.58489 0 1.95142e-07
1.99526 0 4.35711e-07
2.51189 0 8.49255e-07
3.16228 0 1.49725e-06
3.98107 0 2.43924e-06
5.01187 0 3.7108e-06
6.30957 0 5.2997e-06
7.94328 0 7.13827e-06
10 0 9.11702e-06
12.5893 0 1.11104e-05
15.8489 0 1.30017e-05
19.9526 0 1.46989e-05
25.1189 0 1.61401e-05
31.6228 0 1.72948e-05
39.8107 0 1.81545e-05
50.1187 0 1.87296e-05
63.0957 0 1.90417e-05
79.4328 0 1.91193e-05
100 0 1.89941e-05
125.893 0 1.86977e-05
158.489 0 1.8261e-05
199.526 0 1.77121e-05
251.189 0 1.70765e-05
316.228 0 1.63767e-05
398.107 0 1.56321e-05
501.187 0 1.48593e-05
630.957 0 1.40722e-05
794.328 0 1.32823e-05
1000 0 1.24991e-05
1258.93 0 1.173e-05
1584.89 0 1.09809e-05
1995.26 0 1.02565e-05
2511.89 0 9.56004e-06
3162.28 0 8.8931e-06
3981.07 0 8.25362e-06
5011.87 0 7.6315e-06
6309.57 0 7.00684e-06
7943.28 0 6.35585e-06
10000 0 5.66375e-06
1 2 2.1667e-05
1.25893 2 2.164e-05
1.58489 2 2.16054e-05
1.99526 2 2.15607e-05
2.51189 2 2.15033e-05
3.16228 2 2.14271e-05
3.98107 2 2.13274e-05
5.01187 2 2.11993e-05
6.30957 2 2.10416e-05
7.94328 2 2.08562e-05
10 2 2.06491e-05
12.5893 2 2.04298e-05
15.8489 2 2.02098e-05
19.9526 2 2e-05
25.1189 2 1.98079e-05
31.6228 2 1.96343e-05
39.8107 2 1.94717e-05
50.1187 2 1.93049e-05
63.0957 2 1.91139e-05
79.4328 2 1.88786e-05
100 2 1.8582e-05
125.893 2 1.82136e-05
158.489 2 1.77692e-05
199.526 2 1.72511e-05
251.189 2 1.6666e-05
316.228 2 1.60243e-05
398.107 2 1.53376e-05
501.187 2 1.46182e-05
630.957 2 1.38781e-05
794.328 2 1.31282e-05
1000 2 1.23781e-05
1258.93 2 1.16358e-05
1584.89 2 1.09082e-05
1995.26 2 1.02008e-05
2511.89 2 9.51749e-06
3162.28 2 8.86073e-06
3981.07 2 8.22883e-06
5011.87 2 7.61207e-06
6309.57 2 6.99103e-06
7943.28 2 6.34256e-06
10000 2 5.65252e-06
1 4 1.84879e-05
1.25893 4 1.84846e-05
1.58489 4 1.84805e-05
1.99526 4 1.84752e-05
2.51189 4 1.84686e-05
3.16228 4 1.84602e-05
3.98107 4 1.84496e-05
5.01187 4 1.84362e-05
6.30957 4 1.84192e-05
7.94328 4 1.83974e-05
10 4 1.83697e-05
12.5893 4 1.8334e-05
15.8489 4 1.8288e-05
19.9526 4 1.82281e-05
25.1189 4 1.81495e-05
31.6228 4 1.8046e-05
39.8107 4 1.79133e-05
50.1187 4 1.7746e-05
63.0957 4 1.75444e-05
79.4328 4 1.73087e-05
100 4 1.70388e-05
125.893 4 1.6733e-05
158.489 4 1.63871e-05
199.526 4 1.59965e-05
251.189 4 1.55571e-05
316.228 4 1.50677e-05
398.107 4 1.45301e-05
501.187 4 1.39496e-05
630.957 4 1.33335e-05
794.328 4 1.26909e-05
1000 4 1.20313e-05
1258.93 4 1.13637e-05
1584.89 4 1.06967e-05
1995.26 4 1.00376e-05
2511.89 4 9.39243e-06
3162.28 4 8.76517e-06
3981.07 4 8.15535e-06
5011.87 4 7.55426e-06
6309.57 4 6.94385e-06
7943.28 4 6.30286e-06
10000 4 5.61896e-06
1 6 1.53e-05
1.25893 6 1.5299e-05
1.58489 6 1.52978e-05
1.99526 6 1.52963e-05
2.51189 6 1.52943e-05
3.16228 6 1.52919e-05
3.98107 6 1.52888e-05
5.01187 6 1.52849e-05
6.30957 6 1.52799e-05
7.94328 6 1.52737e-05
10 6 1.52657e-05
12.5893 6 1.52557e-05
15.8489 6 1.5243e-05
19.9526 6 1.52267e-05
25.1189 6 1.52059e-05
31.6228 6 1.5179e-05
39.8107 6 1.51442e-05
50.1187 6 1.50986e-05
63.0957 6 1.50381e-05
79.4328 6 1.49575e-05
100 6 1.48515e-05
125.893 6 1.47131e-05
158.489 6 1.4539e-05
199.526 6 1.43244e-05
251.189 6 1.40653e-05
316.228 6 1.3758e-05
398.107 6 1.34005e-05
501.187 6 1.29924e-05
630.957 6 1.25364e-05
794.328 6 1.20377e-05
1000 6 1.15036e-05
1258.93 6 1.09431e-05
1584.89 6 1.03652e-05
1995.26 6 9.77895e-06
2511.89 6 9.19229e-06
3162.28 6 8.61094e-06
3981.07 6 8.03585e-06
5011.87 6 7.45953e-06
6309.57 6 6.86608e-06
7943.28 6 6.2372e-06
10000 6 5.5634e-06
1 8 1.30567e-05
1.25893 8 1.30563e-05
1.58489 8 1.30557e-05
1.99526 8 1.30551e-05
2.51189 8 1.30543e-05
3.16228 8 1.30532e-05
3.98107 8 1.30519e-05
5.01187 8 1.30503e-05
6.30957 8 1.30482e-05
7.94328 8 1.30456e-05
10 8 1.30423e-05
12.5893 8 1.30382e-05
15.8489 8 1.30329e-05
19.9526 8 1.30262e-05
25.1189 8 1.30177e-05
31.6228 8 1.30069e-05
39.8107 8 1.29931e-05
50.1187 8 1.29754e-05
63.0957 8 1.29525e-05
79.4328 8 1.29226e-05
100 8 1.28831e-05
125.893 8 1.28302e-05
158.489 8 1.27588e-05
199.526 8 1.26631e-05
251.189 8 1.2537e-05
316.228 8 1.23729e-05
398.107 8 1.21666e-05
501.187 8 1.19129e-05
630.957 8 1.16094e-05
794.328 8 1.12561e-05
1000 8 1.08561e-05
1258.93 8 1.04153e-05
1584.89 8 9.94118e-06
1995.26 8 9.44268e-06
2511.89 8 8.92841e-06
3162.28 8 8.40509e-06
3981.07 8 7.87436e-06
5011.87 8 7.33012e-06
6309.57 8 6.75896e-06
7943.28 8 6.14634e-06
10000 8 5.48638e-06
1 10 1.14265e-05
1.25893 10 1.14263e-05
1.58489 10 1.1426e-05
1.99526 10 1.14257e-05
2.51189 10 1.14253e-05
3.16228 10 1.14247e-05
3.98107 10 1.14241e-05
5.01187 10 1.14232e-05
6.30957 10 1.14222e-05
7.94328 10 1.14209e-05
10 10 1.14192e-05
12.5893 10 1.14171e-05
15.8489 10 1.14144e-05
19.9526 10 1.1411e-05
25.1189 10 1.14067e-05
31.6228 10 1.14013e-05
39.8107 10 1.13944e-05
50.1187 10 1.13856e-05
63.0957 10 1.13744e-05
79.4328 10 1.136e-05
100 10 1.13414e-05
125.893 10 1.13171e-05
158.489 10 1.12849e-05
199.526 10 1.12414e-05
251.189 10 1.11823e-05
316.228 10 1.11016e-05
398.107 10 1.09926e-05
501.187 10 1.08488e-05
630.957 10 1.0663e-05
794.328 10 1.04316e-05
1000 10 1.01521e-05
1258.93 10 9.82558e-06
1584.89 10 9.45606e-06
1995.26 10 9.04996e-06
2511.89 10 8.61471e-06
3162.28 10 8.15641e-06
3981.07 10 7.67609e-06
5011.87 10 7.16895e-06
6309.57 10 6.62412e-06
7943.28 10 6.03132e-06
10000 10 5.38867e-06
