1 0 1.18014e-45
2 0 8.57488e-28
3 0 9.35673e-22
4 0 1.06855e-18
5 0 7.67847e-17
6 0 1.37018e-15
7 0 1.09684e-14
8 0 5.30201e-14
9 0 1.82696e-13
10 0 4.95964e-13
11 0 1.13078e-12
12 0 2.26006e-12
13 0 4.07951e-12
14 0 6.79403e-12
15 0 1.06051e-11
16 0 1.57007e-11
17 0 2.22482e-11
18 0 3.03902e-11
19 0 4.02421e-11
20 0 5.18923e-11
21 0 6.54034e-11
22 0 8.08135e-11
23 0 9.81394e-11
24 0 1.17379e-10
25 0 1.38512e-10
26 0 1.61508e-10
27 0 1.86321e-10
28 0 2.12898e-10
29 0 2.4118e-10
30 0 2.71098e-10
31 0 3.02584e-10
32 0 3.35564e-10
33 0 3.69964e-10
34 0 4.05707e-10
35 0 4.42718e-10
36 0 4.80923e-10
37 0 5.20246e-10
38 0 5.60617e-10
39 0 6.01964e-10
40 0 6.44218e-10
41 0 6.87315e-10
42 0 7.31188e-10
43 0 7.75778e-10
44 0 8.21026e-10
45 0 8.66875e-10
46 0 9.1327e-10
47 0 9.60162e-10
48 0 1.0075e-09
49 0 1.05524e-09
50 0 1.10334e-09
51 0 1.15175e-09
52 0 1.20043e-09
53 0 1.24936e-09
54 0 1.29849e-09
55 0 1.34778e-09
56 0 1.39721e-09
57 0 1.44675e-09
58 0 1.49637e-09
59 0 1.54605e-09
60 0 1.59575e-09
61 0 1.64546e-09
62 0 1.69515e-09
63 0 1.7448e-09
64 0 1.79439e-09
65 0 1.84391e-09
66 0 1.89334e-09
67 0 1.94266e-09
68 0 1.99186e-09
69 0 2.04092e-09
70 0 2.08983e-09
71 0 2.13858e-09
72 0 2.18716e-09
73 0 2.23556e-09
74 0 2.28376e-09
75 0 2.33176e-09
76 0 2.37955e-09
77 0 2.42712e-09
78 0 2.47446e-09
79 0 2.52158e-09
80 0 2.56845e-09
81 0 2.61508e-09
82 0 2.66147e-09
83 0 2.70759e-09
84 0 2.75347e-09
85 0 2.79908e-09
86 0 2.84442e-09
87 0 2.8895e-09
88 0 2.9343e-09
89 0 2.97884e-09
90 0 3.02309e-09
91 0 3.06707e-09
92 0 3.11077e-09
93 0 3.15419e-09
94 0 3.19732e-09
95 0 3.24018e-09
96 0 3.28274e-09
97 0 3.32503e-09
98 0 3.36703e-09
99 0 3.40874e-09
100 0 3.45017e-09
1 0.1 6.43436e-44
2 0.1 3.57832e-27
3 0.1 1.93571e-21
4 0.1 1.65527e-18
5 0.1 1.02806e-16
6 0.1 1.68779e-15
7 0.1 1.28264e-14
8 0.1 5.98939e-14
9 0.1 2.01455e-13
10 0.1 5.37373e-13
11 0.1 1.20918e-12
12 0.1 2.39243e-12
13 0.1 4.28425e-12
14 0.1 7.08973e-12
15 0.1 1.10095e-11
16 0.1 1.623e-11
17 0.1 2.29165e-11
18 0.1 3.1209e-11
19 0.1 4.12206e-11
20 0.1 5.30373e-11
21 0.1 6.67193e-11
22 0.1 8.23028e-11
23 0.1 9.98026e-11
24 0.1 1.19215e-10
25 0.1 1.40519e-10
26 0.1 1.63681e-10
27 0.1 1.88657e-10
28 0.1 2.15392e-10
29 0.1 2.43824e-10
30 0.1 2.73888e-10
31 0.1 3.05513e-10
32 0.1 3.38625e-10
33 0.1 3.73149e-10
34 0.1 4.09011e-10
35 0.1 4.46133e-10
36 0.1 4.84443e-10
37 0.1 5.23864e-10
38 0.1 5.64326e-10
39 0.1 6.05759e-10
40 0.1 6.48092e-10
41 0.1 6.91262e-10
42 0.1 7.35203e-10
43 0.1 7.79855e-10
44 0.1 8.2516e-10
45 0.1 8.7106e-10
46 0.1 9.17503e-10
47 0.1 9.64438e-10
48 0.1 1.01182e-09
49 0.1 1.05959e-09
50 0.1 1.10772e-09
51 0.1 1.15615e-09
52 0.1 1.20486e-09
53 0.1 1.25381e-09
54 0.1 1.30295e-09
55 0.1 1.35226e-09
56 0.1 1.4017e-09
57 0.1 1.45125e-09
58 0.1 1.50088e-09
59 0.1 1.55056e-09
60 0.1 1.60026e-09
61 0.1 1.64996e-09
62 0.1 1.69965e-09
63 0.1 1.7493e-09
64 0.1 1.79889e-09
65 0.1 1.8484e-09
66 0.1 1.89782e-09
67 0.1 1.94713e-09
68 0.1 1.99632e-09
69 0.1 2.04537e-09
70 0.1 2.09426e-09
71 0.1 2.143e-09
72 0.1 2.19156e-09
73 0.1 2.23994e-09
74 0.1 2.28812e-09
75 0.1 2.3361e-09
76 0.1 2.38387e-09
77 0.1 2.43142e-09
78 0.1 2.47875e-09
79 0.1 2.52584e-09
80 0.1 2.57269e-09
81 0.1 2.6193e-09
82 0.1 2.66566e-09
83 0.1 2.71177e-09
84 0.1 2.75762e-09
85 0.1 2.8032e-09
86 0.1 2.84852e-09
87 0.1 2.89357e-09
88 0.1 2.93836e-09
89 0.1 2.98286e-09
90 0.1 3.02709e-09
91 0.1 3.07105e-09
92 0.1 3.11472e-09
93 0.1 3.15811e-09
94 0.1 3.20122e-09
95 0.1 3.24405e-09
96 0.1 3.28659e-09
97 0.1 3.32885e-09
98 0.1 3.37082e-09
99 0.1 3.41251e-09
100 0.1 3.45391e-09
1 0.2 1.80751e-41
2 0.2 4.48311e-26
3 0.2 8.65492e-21
4 0.2 4.48334e-18
5 0.2 2.09124e-16
6 0.2 2.86991e-15
7 0.2 1.93551e-14
8 0.2 8.31516e-14
9 0.2 2.6329e-13
10 0.2 6.71342e-13
11 0.2 1.45934e-12
12 0.2 2.81036e-12
13 0.2 4.92539e-12
14 0.2 8.00973e-12
15 0.2 1.22612e-11
16 0.2 1.78613e-11
17 0.2 2.49686e-11
18 0.2 3.37162e-11
19 0.2 4.42096e-11
20 0.2 5.65276e-11
21 0.2 7.07236e-11
22 0.2 8.68276e-11
23 0.2 1.04849e-10
24 0.2 1.24779e-10
25 0.2 1.46594e-10
26 0.2 1.70255e-10
27 0.2 1.95717e-10
28 0.2 2.22921e-10
29 0.2 2.51806e-10
30 0.2 2.82304e-10
31 0.2 3.14342e-10
32 0.2 3.47848e-10
33 0.2 3.82746e-10
34 0.2 4.1896e-10
35 0.2 4.56415e-10
36 0.2 4.95036e-10
37 0.2 5.34749e-10
38 0.2 5.75484e-10
39 0.2 6.1717e-10
40 0.2 6.59739e-10
41 0.2 7.03126e-10
42 0.2 7.47269e-10
43 0.2 7.92106e-10
44 0.2 8.37579e-10
45 0.2 8.83634e-10
46 0.2 9.30217e-10
47 0.2 9.77277e-10
48 0.2 1.02477e-09
49 0.2 1.07264e-09
50 0.2 1.12086e-09
51 0.2 1.16938e-09
52 0.2 1.21815e-09
53 0.2 1.26716e-09
54 0.2 1.31635e-09
55 0.2 1.3657e-09
56 0.2 1.41517e-09
57 0.2 1.46475e-09
58 0.2 1.51439e-09
59 0.2 1.56408e-09
60 0.2 1.61379e-09
61 0.2 1.66349e-09
62 0.2 1.71317e-09
63 0.2 1.7628e-09
64 0.2 1.81237e-09
65 0.2 1.86186e-09
66 0.2 1.91125e-09
67 0.2 1.96053e-09
68 0.2 2.00968e-09
69 0.2 2.05869e-09
70 0.2 2.10755e-09
71 0.2 2.15624e-09
72 0.2 2.20475e-09
73 0.2 2.25307e-09
74 0.2 2.3012e-09
75 0.2 2.34913e-09
76 0.2 2.39684e-09
77 0.2 2.44433e-09
78 0.2 2.49159e-09
79 0.2 2.53862e-09
80 0.2 2.5854e-09
81 0.2 2.63195e-09
82 0.2 2.67824e-09
83 0.2 2.72428e-09
84 0.2 2.77005e-09
85 0.2 2.81557e-09
86 0.2 2.86082e-09
87 0.2 2.90579e-09
88 0.2 2.9505e-09
89 0.2 2.99493e-09
90 0.2 3.03909e-09
91 0.2 3.08297e-09
92 0.2 3.12656e-09
93 0.2 3.16988e-09
94 0.2 3.21291e-09
95 0.2 3.25566e-09
96 0.2 3.29813e-09
97 0.2 3.34031e-09
98 0.2 3.3822e-09
99 0.2 3.42381e-09
100 0.2 3.46513e-09
1 0.3 5.18309e-39
2 0.3 6.5593e-25
3 0.3 4.68675e-20
4 0.3 1.47597e-17
5 0.3 5.11194e-16
6 0.3 5.76443e-15
7 0.3 3.38763e-14
8 0.3 1.31607e-13
9 0.3 3.86293e-13
10 0.3 9.28959e-13
11 0.3 1.92829e-12
12 0.3 3.57865e-12
13 0.3 6.08604e-12
14 0.3 9.65494e-12
15 0.3 1.44776e-11
16 0.3 2.07263e-11
17 0.3 2.85488e-11
18 0.3 3.80657e-11
19 0.3 4.93703e-11
20 0.3 6.25294e-11
21 0.3 7.75854e-11
22 0.3 9.45583e-11
23 0.3 1.13449e-10
24 0.3 1.3424e-10
25 0.3 1.56902e-10
26 0.3 1.81391e-10
27 0.3 2.07657e-10
28 0.3 2.35638e-10
29 0.3 2.65271e-10
30 0.3 2.96484e-10
31 0.3 3.29205e-10
32 0.3 3.63359e-10
33 0.3 3.98872e-10
34 0.3 4.35666e-10
35 0.3 4.73667e-10
36 0.3 5.128e-10
37 0.3 5.52993e-10
38 0.3 5.94175e-10
39 0.3 6.36277e-10
40 0.3 6.79232e-10
41 0.3 7.22976e-10
42 0.3 7.67448e-10
43 0.3 8.12586e-10
44 0.3 8.58336e-10
45 0.3 9.04642e-10
46 0.3 9.51453e-10
47 0.3 9.9872e-10
48 0.3 1.0464e-09
49 0.3 1.09444e-09
50 0.3 1.1428e-09
51 0.3 1.19144e-09
52 0.3 1.24033e-09
53 0.3 1.28943e-09
54 0.3 1.3387e-09
55 0.3 1.38811e-09
56 0.3 1.43763e-09
57 0.3 1.48725e-09
58 0.3 1.53692e-09
59 0.3 1.58662e-09
60 0.3 1.63633e-09
61 0.3 1.68603e-09
62 0.3 1.73569e-09
63 0.3 1.7853e-09
64 0.3 1.83484e-09
65 0.3 1.88429e-09
66 0.3 1.93363e-09
67 0.3 1.98285e-09
68 0.3 2.03194e-09
69 0.3 2.08088e-09
70 0.3 2.12967e-09
71 0.3 2.17828e-09
72 0.3 2.22671e-09
73 0.3 2.27495e-09
74 0.3 2.32299e-09
75 0.3 2.37081e-09
76 0.3 2.41843e-09
77 0.3 2.46582e-09
78 0.3 2.51297e-09
79 0.3 2.55989e-09
80 0.3 2.60657e-09
81 0.3 2.653e-09
82 0.3 2.69918e-09
83 0.3 2.7451e-09
84 0.3 2.79076e-09
85 0.3 2.83615e-09
86 0.3 2.88128e-09
87 0.3 2.92613e-09
88 0.3 2.97072e-09
89 0.3 3.01502e-09
90 0.3 3.05905e-09
91 0.3 3.1028e-09
92 0.3 3.14627e-09
93 0.3 3.18946e-09
94 0.3 3.23237e-09
95 0.3 3.27499e-09
96 0.3 3.31732e-09
97 0.3 3.35937e-09
98 0.3 3.40108e-09
99 0.3 3.44262e-09
100 0.3 3.48381e-09
1 0.4 1.28065e-36
2 0.4 9.47004e-24
3 0.4 2.61929e-19
4 0.4 5.12438e-17
5 0.4 1.33263e-15
6 0.4 1.24096e-14
7 0.4 6.36163e-14
8 0.4 2.23179e-13
9 0.4 6.0552e-13
10 0.4 1.36841e-12
11 0.4 2.70183e-12
12 0.4 4.81316e-12
13 0.4 7.91259e-12
14 0.4 1.2201e-11
15 0.4 1.78609e-11
16 0.4 2.50508e-11
17 0.4 3.39019e-11
18 0.4 4.45177e-11
19 0.4 5.69742e-11
20 0.4 7.13219e-11
21 0.4 8.75879e-11
22 0.4 1.05779e-10
23 0.4 1.25884e-10
24 0.4 1.47876e-10
25 0.4 1.71716e-10
26 0.4 1.97354e-10
27 0.4 2.24734e-10
28 0.4 2.53791e-10
29 0.4 2.84455e-10
30 0.4 3.16655e-10
31 0.4 3.50317e-10
32 0.4 3.85364e-10
33 0.4 4.2172e-10
34 0.4 4.59311e-10
35 0.4 4.98061e-10
36 0.4 5.37896e-10
37 0.4 5.78746e-10
38 0.4 6.2054e-10
39 0.4 6.6321e-10
40 0.4 7.06692e-10
41 0.4 7.50923e-10
42 0.4 7.95842e-10
43 0.4 8.41391e-10
44 0.4 8.87516e-10
45 0.4 9.34164e-10
46 0.4 9.81284e-10
47 0.4 1.02883e-09
48 0.4 1.07675e-09
49 0.4 1.12501e-09
50 0.4 1.17357e-09
51 0.4 1.22239e-09
52 0.4 1.27142e-09
53 0.4 1.32064e-09
54 0.4 1.37002e-09
55 0.4 1.41951e-09
56 0.4 1.46911e-09
57 0.4 1.51876e-09
58 0.4 1.56846e-09
59 0.4 1.61818e-09
60 0.4 1.66789e-09
61 0.4 1.71758e-09
62 0.4 1.76721e-09
63 0.4 1.81678e-09
64 0.4 1.86627e-09
65 0.4 1.91566e-09
66 0.4 1.96493e-09
67 0.4 2.01408e-09
68 0.4 2.06308e-09
69 0.4 2.11192e-09
70 0.4 2.1606e-09
71 0.4 2.2091e-09
72 0.4 2.25742e-09
73 0.4 2.30553e-09
74 0.4 2.35344e-09
75 0.4 2.40113e-09
76 0.4 2.44861e-09
77 0.4 2.49585e-09
78 0.4 2.54286e-09
79 0.4 2.58963e-09
80 0.4 2.63615e-09
81 0.4 2.68242e-09
82 0.4 2.72844e-09
83 0.4 2.77419e-09
84 0.4 2.81969e-09
85 0.4 2.86491e-09
86 0.4 2.90987e-09
87 0.4 2.95455e-09
88 0.4 2.99896e-09
89 0.4 3.04309e-09
90 0.4 3.08695e-09
91 0.4 3.13052e-09
92 0.4 3.17381e-09
93 0.4 3.21682e-09
94 0.4 3.25954e-09
95 0.4 3.30198e-09
96 0.4 3.34414e-09
97 0.4 3.38601e-09
98 0.4 3.42759e-09
99 0.4 3.46889e-09
100 0.4 3.5099e-09
1 0.5 2.58642e-34
2 0.5 1.27974e-22
3 0.5 1.43309e-18
4 0.5 1.78098e-16
5 0.5 3.52365e-15
6 0.5 2.73245e-14
7 0.5 1.22848e-13
8 0.5 3.90476e-13
9 0.5 9.81074e-13
10 0.5 2.08512e-12
11 0.5 3.91595e-12
12 0.5 6.69276e-12
13 0.5 1.06264e-11
14 0.5 1.59091e-11
15 0.5 2.2708e-11
16 0.5 3.11618e-11
17 0.5 4.138e-11
18 0.5 5.34434e-11
19 0.5 6.74063e-11
20 0.5 8.32985e-11
21 0.5 1.01129e-10
22 0.5 1.20887e-10
23 0.5 1.42549e-10
24 0.5 1.66074e-10
25 0.5 1.91415e-10
26 0.5 2.18513e-10
27 0.5 2.47304e-10
28 0.5 2.7772e-10
29 0.5 3.09686e-10
30 0.5 3.4313e-10
31 0.5 3.77974e-10
32 0.5 4.14142e-10
33 0.5 4.51557e-10
34 0.5 4.90145e-10
35 0.5 5.29832e-10
36 0.5 5.70544e-10
37 0.5 6.12213e-10
38 0.5 6.54768e-10
39 0.5 6.98146e-10
40 0.5 7.42282e-10
41 0.5 7.87116e-10
42 0.5 8.32589e-10
43 0.5 8.78647e-10
44 0.5 9.25234e-10
45 0.5 9.72302e-10
46 0.5 1.0198e-09
47 0.5 1.06769e-09
48 0.5 1.11592e-09
49 0.5 1.16445e-09
50 0.5 1.21324e-09
51 0.5 1.26226e-09
52 0.5 1.31147e-09
53 0.5 1.36084e-09
54 0.5 1.41034e-09
55 0.5 1.45993e-09
56 0.5 1.5096e-09
57 0.5 1.55931e-09
58 0.5 1.60904e-09
59 0.5 1.65876e-09
60 0.5 1.70847e-09
61 0.5 1.75813e-09
62 0.5 1.80772e-09
63 0.5 1.85724e-09
64 0.5 1.90666e-09
65 0.5 1.95596e-09
66 0.5 2.00514e-09
67 0.5 2.05418e-09
68 0.5 2.10306e-09
69 0.5 2.15178e-09
70 0.5 2.20032e-09
71 0.5 2.24867e-09
72 0.5 2.29683e-09
73 0.5 2.34478e-09
74 0.5 2.39252e-09
75 0.5 2.44004e-09
76 0.5 2.48733e-09
77 0.5 2.53439e-09
78 0.5 2.5812e-09
79 0.5 2.62778e-09
80 0.5 2.6741e-09
81 0.5 2.72016e-09
82 0.5 2.76597e-09
83 0.5 2.81151e-09
84 0.5 2.85679e-09
85 0.5 2.9018e-09
86 0.5 2.94653e-09
87 0.5 2.99099e-09
88 0.5 3.03518e-09
89 0.5 3.07908e-09
90 0.5 3.12271e-09
91 0.5 3.16605e-09
92 0.5 3.20911e-09
93 0.5 3.25189e-09
94 0.5 3.29438e-09
95 0.5 3.33659e-09
96 0.5 3.37851e-09
97 0.5 3.42015e-09
98 0.5 3.4615e-09
99 0.5 3.50257e-09
100 0.5 3.54335e-09
1 0.6 4.17195e-32
2 0.6 1.58149e-21
3 0.6 7.49914e-18
4 0.6 6.05327e-16
5 0.6 9.23301e-15
6 0.6 6.01452e-14
7 0.6 2.38599e-13
8 0.6 6.90132e-13
9 0.6 1.6108e-12
10 0.6 3.22688e-12
11 0.6 5.77333e-12
12 0.6 9.47607e-12
13 0.6 1.45398e-11
14 0.6 2.11406e-11
15 0.6 2.9423e-11
16 0.6 3.94993e-11
17 0.6 5.14511e-11
18 0.6 6.53318e-11
19 0.6 8.11695e-11
20 0.6 9.89701e-11
21 0.6 1.18721e-10
22 0.6 1.40394e-10
23 0.6 1.63948e-10
24 0.6 1.8933e-10
25 0.6 2.1648e-10
26 0.6 2.45333e-10
27 0.6 2.75816e-10
28 0.6 3.07856e-10
29 0.6 3.41376e-10
30 0.6 3.763e-10
31 0.6 4.12548e-10
32 0.6 4.50045e-10
33 0.6 4.88714e-10
34 0.6 5.2848e-10
35 0.6 5.69271e-10
36 0.6 6.11016e-10
37 0.6 6.53646e-10
38 0.6 6.97096e-10
39 0.6 7.41302e-10
40 0.6 7.86203e-10
41 0.6 8.31741e-10
42 0.6 8.7786e-10
43 0.6 9.24507e-10
44 0.6 9.71631e-10
45 0.6 1.01919e-09
46 0.6 1.06712e-09
47 0.6 1.1154e-09
48 0.6 1.16398e-09
49 0.6 1.21281e-09
50 0.6 1.26188e-09
51 0.6 1.31113e-09
52 0.6 1.36053e-09
53 0.6 1.41006e-09
54 0.6 1.45969e-09
55 0.6 1.50939e-09
56 0.6 1.55913e-09
57 0.6 1.60889e-09
58 0.6 1.65864e-09
59 0.6 1.70837e-09
60 0.6 1.75805e-09
61 0.6 1.80767e-09
62 0.6 1.8572e-09
63 0.6 1.90664e-09
64 0.6 1.95597e-09
65 0.6 2.00516e-09
66 0.6 2.05421e-09
67 0.6 2.10311e-09
68 0.6 2.15184e-09
69 0.6 2.2004e-09
70 0.6 2.24876e-09
71 0.6 2.29693e-09
72 0.6 2.34489e-09
73 0.6 2.39264e-09
74 0.6 2.44017e-09
75 0.6 2.48747e-09
76 0.6 2.53454e-09
77 0.6 2.58136e-09
78 0.6 2.62794e-09
79 0.6 2.67427e-09
80 0.6 2.72034e-09
81 0.6 2.76615e-09
82 0.6 2.8117e-09
83 0.6 2.85698e-09
84 0.6 2.90199e-09
85 0.6 2.94673e-09
86 0.6 2.99119e-09
87 0.6 3.03538e-09
88 0.6 3.07929e-09
89 0.6 3.12292e-09
90 0.6 3.16626e-09
91 0.6 3.20933e-09
92 0.6 3.25211e-09
93 0.6 3.2946e-09
94 0.6 3.33681e-09
95 0.6 3.37873e-09
96 0.6 3.42037e-09
97 0.6 3.46172e-09
98 0.6 3.50279e-09
99 0.6 3.54357e-09
100 0.6 3.58407e-09
1 0.7 5.31053e-30
2 0.7 1.76574e-20
3 0.7 3.70764e-17
4 0.7 1.9875e-15
5 0.7 2.36817e-14
6 0.7 1.30725e-13
7 0.7 4.60425e-13
8 0.7 1.21742e-12
9 0.7 2.64883e-12
10 0.7 5.01496e-12
11 0.7 8.56533e-12
12 0.7 1.35229e-11
13 0.7 2.00759e-11
14 0.7 2.83745e-11
15 0.7 3.8532e-11
16 0.7 5.06271e-11
17 0.7 6.47079e-11
18 0.7 8.07954e-11
19 0.7 9.88882e-11
20 0.7 1.18966e-10
21 0.7 1.40992e-10
22 0.7 1.6492e-10
23 0.7 1.90689e-10
24 0.7 2.18236e-10
25 0.7 2.47487e-10
26 0.7 2.78369e-10
27 0.7 3.10804e-10
28 0.7 3.44711e-10
29 0.7 3.80012e-10
30 0.7 4.16627e-10
31 0.7 4.54477e-10
32 0.7 4.93486e-10
33 0.7 5.33577e-10
34 0.7 5.74678e-10
35 0.7 6.16718e-10
36 0.7 6.59628e-10
37 0.7 7.03342e-10
38 0.7 7.47796e-10
39 0.7 7.92931e-10
40 0.7 8.38687e-10
41 0.7 8.85011e-10
42 0.7 9.31849e-10
43 0.7 9.7915e-10
44 0.7 1.02687e-09
45 0.7 1.07496e-09
46 0.7 1.12338e-09
47 0.7 1.17208e-09
48 0.7 1.22104e-09
49 0.7 1.2702e-09
50 0.7 1.31955e-09
51 0.7 1.36905e-09
52 0.7 1.41866e-09
53 0.7 1.46836e-09
54 0.7 1.51811e-09
55 0.7 1.56791e-09
56 0.7 1.61772e-09
57 0.7 1.66751e-09
58 0.7 1.71728e-09
59 0.7 1.76699e-09
60 0.7 1.81663e-09
61 0.7 1.86618e-09
62 0.7 1.91563e-09
63 0.7 1.96496e-09
64 0.7 2.01416e-09
65 0.7 2.06322e-09
66 0.7 2.11211e-09
67 0.7 2.16083e-09
68 0.7 2.20938e-09
69 0.7 2.25773e-09
70 0.7 2.30588e-09
71 0.7 2.35382e-09
72 0.7 2.40155e-09
73 0.7 2.44905e-09
74 0.7 2.49632e-09
75 0.7 2.54336e-09
76 0.7 2.59015e-09
77 0.7 2.63669e-09
78 0.7 2.68299e-09
79 0.7 2.72902e-09
80 0.7 2.77479e-09
81 0.7 2.8203e-09
82 0.7 2.86554e-09
83 0.7 2.91051e-09
84 0.7 2.95521e-09
85 0.7 2.99963e-09
86 0.7 3.04377e-09
87 0.7 3.08763e-09
88 0.7 3.13121e-09
89 0.7 3.17451e-09
90 0.7 3.21753e-09
91 0.7 3.26026e-09
92 0.7 3.3027e-09
93 0.7 3.34486e-09
94 0.7 3.38673e-09
95 0.7 3.42832e-09
96 0.7 3.46962e-09
97 0.7 3.51064e-09
98 0.7 3.55137e-09
99 0.7 3.59181e-09
100 0.7 3.63197e-09
1 0.8 5.29833e-28
2 0.8 1.7688e-19
3 0.8 1.71976e-16
4 0.8 6.25912e-15
5 0.8 5.90314e-14
6 0.8 2.78542e-13
7 0.8 8.76379e-13
8 0.8 2.12802e-12
9 0.8 4.33133e-12
10 0.8 7.77155e-12
11 0.8 1.26993e-11
12 0.8 1.93199e-11
13 0.8 2.77916e-11
14 0.8 3.82271e-11
15 0.8 5.06992e-11
16 0.8 6.52459e-11
17 0.8 8.18763e-11
18 0.8 1.00576e-10
19 0.8 1.21311e-10
20 0.8 1.44033e-10
21 0.8 1.68683e-10
22 0.8 1.95192e-10
23 0.8 2.23484e-10
24 0.8 2.53482e-10
25 0.8 2.85102e-10
26 0.8 3.18263e-10
27 0.8 3.52879e-10
28 0.8 3.88868e-10
29 0.8 4.26147e-10
30 0.8 4.64636e-10
31 0.8 5.04255e-10
32 0.8 5.4493e-10
33 0.8 5.86585e-10
34 0.8 6.29149e-10
35 0.8 6.72554e-10
36 0.8 7.16735e-10
37 0.8 7.61627e-10
38 0.8 8.07172e-10
39 0.8 8.53312e-10
40 0.8 8.99992e-10
41 0.8 9.47161e-10
42 0.8 9.94769e-10
43 0.8 1.04277e-09
44 0.8 1.09112e-09
45 0.8 1.13978e-09
46 0.8 1.1887e-09
47 0.8 1.23785e-09
48 0.8 1.2872e-09
49 0.8 1.33671e-09
50 0.8 1.38635e-09
51 0.8 1.43609e-09
52 0.8 1.4859e-09
53 0.8 1.53576e-09
54 0.8 1.58564e-09
55 0.8 1.63552e-09
56 0.8 1.68537e-09
57 0.8 1.73519e-09
58 0.8 1.78494e-09
59 0.8 1.83461e-09
60 0.8 1.88418e-09
61 0.8 1.93364e-09
62 0.8 1.98297e-09
63 0.8 2.03217e-09
64 0.8 2.0812e-09
65 0.8 2.13008e-09
66 0.8 2.17877e-09
67 0.8 2.22728e-09
68 0.8 2.27559e-09
69 0.8 2.3237e-09
70 0.8 2.37159e-09
71 0.8 2.41927e-09
72 0.8 2.46671e-09
73 0.8 2.51392e-09
74 0.8 2.56089e-09
75 0.8 2.60761e-09
76 0.8 2.65408e-09
77 0.8 2.70029e-09
78 0.8 2.74625e-09
79 0.8 2.79194e-09
80 0.8 2.83736e-09
81 0.8 2.88252e-09
82 0.8 2.9274e-09
83 0.8 2.972e-09
84 0.8 3.01633e-09
85 0.8 3.06038e-09
86 0.8 3.10415e-09
87 0.8 3.14763e-09
88 0.8 3.19083e-09
89 0.8 3.23375e-09
90 0.8 3.27638e-09
91 0.8 3.31873e-09
92 0.8 3.36079e-09
93 0.8 3.40256e-09
94 0.8 3.44404e-09
95 0.8 3.48524e-09
96 0.8 3.52615e-09
97 0.8 3.56678e-09
98 0.8 3.60712e-09
99 0.8 3.64718e-09
100 0.8 3.68695e-09
1 0.9 4.12667e-26
2 0.9 1.58308e-18
3 0.9 7.45157e-16
4 0.9 1.88234e-14
5 0.9 1.42368e-13
6 0.9 5.79206e-13
7 0.9 1.63791e-12
8 0.9 3.66902e-12
9 0.9 7.01049e-12
10 0.9 1.1954e-11
11 0.9 1.87306e-11
12 0.9 2.75092e-11
13 0.9 3.84018e-11
14 0.9 5.14717e-11
15 0.9 6.67418e-11
16 0.9 8.42034e-11
17 0.9 1.03823e-10
18 0.9 1.25547e-10
19 0.9 1.49311e-10
20 0.9 1.75036e-10
21 0.9 2.02641e-10
22 0.9 2.32037e-10
23 0.9 2.63135e-10
24 0.9 2.95842e-10
25 0.9 3.30068e-10
26 0.9 3.65723e-10
27 0.9 4.02719e-10
28 0.9 4.40969e-10
29 0.9 4.80389e-10
30 0.9 5.209e-10
31 0.9 5.62423e-10
32 0.9 6.04883e-10
33 0.9 6.4821e-10
34 0.9 6.92334e-10
35 0.9 7.37191e-10
36 0.9 7.82717e-10
37 0.9 8.28855e-10
38 0.9 8.75548e-10
39 0.9 9.22743e-10
40 0.9 9.70389e-10
41 0.9 1.01844e-09
42 0.9 1.06685e-09
43 0.9 1.11557e-09
44 0.9 1.16457e-09
45 0.9 1.2138e-09
46 0.9 1.26324e-09
47 0.9 1.31284e-09
48 0.9 1.36258e-09
49 0.9 1.41242e-09
50 0.9 1.46235e-09
51 0.9 1.51232e-09
52 0.9 1.56231e-09
53 0.9 1.61231e-09
54 0.9 1.66229e-09
55 0.9 1.71223e-09
56 0.9 1.76211e-09
57 0.9 1.81191e-09
58 0.9 1.86161e-09
59 0.9 1.91121e-09
60 0.9 1.96067e-09
61 0.9 2.01e-09
62 0.9 2.05918e-09
63 0.9 2.10819e-09
64 0.9 2.15703e-09
65 0.9 2.20568e-09
66 0.9 2.25413e-09
67 0.9 2.30238e-09
68 0.9 2.35041e-09
69 0.9 2.39823e-09
70 0.9 2.44582e-09
71 0.9 2.49317e-09
72 0.9 2.54028e-09
73 0.9 2.58714e-09
74 0.9 2.63376e-09
75 0.9 2.68012e-09
76 0.9 2.72622e-09
77 0.9 2.77205e-09
78 0.9 2.81762e-09
79 0.9 2.86291e-09
80 0.9 2.90793e-09
81 0.9 2.95268e-09
82 0.9 2.99715e-09
83 0.9 3.04134e-09
84 0.9 3.08525e-09
85 0.9 3.12887e-09
86 0.9 3.17221e-09
87 0.9 3.21526e-09
88 0.9 3.25803e-09
89 0.9 3.30051e-09
90 0.9 3.34271e-09
91 0.9 3.38461e-09
92 0.9 3.42618e-09
93 0.9 3.46757e-09
94 0.9 3.50861e-09
95 0.9 3.54937e-09
96 0.9 3.58984e-09
97 0.9 3.63003e-09
98 0.9 3.66993e-09
99 0.9 3.70954e-09
100 0.9 3.74887e-09
1 1 2.5033e-24
2 1 1.26268e-17
3 1 3.00792e-15
4 1 5.39066e-14
5 1 3.31245e-13
6 1 1.17195e-12
7 1 2.99679e-12
8 1 6.22087e-12
9 1 1.11972e-11
10 1 1.81949e-11
11 1 2.73985e-11
12 1 3.89183e-11
13 1 5.28037e-11
14 1 6.90565e-11
15 1 8.76427e-11
16 1 1.08502e-10
17 1 1.31557e-10
18 1 1.56716e-10
19 1 1.83881e-10
20 1 2.12949e-10
21 1 2.43815e-10
22 1 2.76375e-10
23 1 3.10525e-10
24 1 3.46164e-10
25 1 3.83195e-10
26 1 4.21522e-10
27 1 4.61054e-10
28 1 5.01704e-10
29 1 5.4339e-10
30 1 5.86031e-10
31 1 6.29552e-10
32 1 6.73881e-10
33 1 7.18951e-10
34 1 7.64695e-10
35 1 8.11055e-10
36 1 8.57971e-10
37 1 9.05389e-10
38 1 9.53258e-10
39 1 1.00153e-09
40 1 1.05016e-09
41 1 1.09909e-09
42 1 1.14831e-09
43 1 1.19775e-09
44 1 1.24739e-09
45 1 1.2972e-09
46 1 1.34713e-09
47 1 1.39717e-09
48 1 1.44728e-09
49 1 1.49743e-09
50 1 1.54761e-09
51 1 1.59778e-09
52 1 1.64794e-09
53 1 1.69804e-09
54 1 1.74808e-09
55 1 1.79804e-09
56 1 1.84791e-09
57 1 1.89765e-09
58 1 1.94727e-09
59 1 1.99674e-09
60 1 2.04606e-09
61 1 2.09522e-09
62 1 2.14419e-09
63 1 2.19297e-09
64 1 2.24156e-09
65 1 2.28993e-09
66 1 2.3381e-09
67 1 2.38603e-09
68 1 2.43374e-09
69 1 2.48121e-09
70 1 2.52844e-09
71 1 2.57542e-09
72 1 2.62215e-09
73 1 2.66862e-09
74 1 2.71482e-09
75 1 2.76076e-09
76 1 2.80643e-09
77 1 2.85183e-09
78 1 2.89696e-09
79 1 2.9418e-09
80 1 2.98637e-09
81 1 3.03065e-09
82 1 3.07466e-09
83 1 3.11837e-09
84 1 3.16181e-09
85 1 3.20495e-09
86 1 3.24781e-09
87 1 3.29038e-09
88 1 3.33266e-09
89 1 3.37465e-09
90 1 3.41636e-09
91 1 3.45777e-09
92 1 3.4989e-09
93 1 3.53974e-09
94 1 3.58029e-09
95 1 3.62056e-09
96 1 3.66054e-09
97 1 3.70023e-09
98 1 3.73964e-09
99 1 3.77876e-09
100 1 3.8176e-09
