1 0 6.97861e-32
1.25893 0 3.23844e-27
1.58489 0 1.7371e-23
1.99526 0 1.67619e-20
2.51189 0 4.13337e-18
3.16228 0 3.44167e-16
3.98107 0 1.20703e-14
5.01187 0 2.1247e-13
6.30957 0 2.15718e-12
7.94328 0 1.41045e-11
10 0 6.48143e-11
12.5893 0 2.24349e-10
15.8489 0 6.18017e-10
19.9526 0 1.41538e-09
25.1189 0 2.79017e-09
31.6228 0 4.86743e-09
39.8107 0 7.6823e-09
50.1187 0 1.11662e-08
63.0957 0 1.51615e-08
79.4328 0 1.94537e-08
100 0 2.38089e-08
125.893 0 2.80068e-08
158.489 0 3.18624e-08
199.526 0 3.52378e-08
251.189 0 3.80447e-08
316.228 0 4.02403e-08
398.107 0 4.18198e-08
501.187 0 4.28079e-08
630.957 0 4.32497e-08
794.328 0 4.32032e-08
1000 0 4.2733e-08
1258.93 0 4.19056e-08
1584.89 0 4.07854e-08
1995.26 0 3.94331e-08
2511.89 0 3.79035e-08
3162.28 0 3.62456e-08
3981.07 0 3.45017e-08
5011.87 0 3.27079e-08
6309.57 0 3.08946e-08
7943.28 0 2.90865e-08
10000 0 2.73039e-08
1 1 3.61255e-16
1.25893 1 6.59593e-15
1.58489 1 7.20848e-14
1.99526 1 5.22269e-13
2.51189 1 2.72013e-12
3.16228 1 1.08592e-11
3.98107 1 3.49636e-11
5.01187 1 9.45331e-11
6.30957 1 2.21637e-10
7.94328 1 4.62268e-10
10 1 8.75385e-10
12.5893 1 1.52996e-09
15.8489 1 2.50024e-09
19.9526 1 3.85979e-09
25.1189 1 5.67285e-09
31.6228 1 7.98195e-09
39.8107 1 1.0793e-08
50.1187 1 1.40628e-08
63.0957 1 1.76951e-08
79.4328 1 2.15486e-08
100 1 2.54544e-08
125.893 1 2.92384e-08
158.489 1 3.27416e-08
199.526 1 3.58354e-08
251.189 1 3.84289e-08
316.228 1 4.04703e-08
398.107 1 4.19437e-08
501.187 1 4.28621e-08
630.957 1 4.32607e-08
794.328 1 4.31895e-08
1000 1 4.27069e-08
1258.93 1 4.18747e-08
1584.89 1 4.07545e-08
1995.26 1 3.94045e-08
2511.89 1 3.78784e-08
3162.28 1 3.62244e-08
3981.07 1 3.44842e-08
5011.87 1 3.26937e-08
6309.57 1 3.08832e-08
7943.28 1 2.90776e-08
10000 1 2.7297e-08
1 3 2.74496e-08
1.25893 3 2.74389e-08
1.58489 3 2.74269e-08
1.99526 3 2.74143e-08
2.51189 3 2.74026e-08
3.16228 3 2.7395e-08
3.98107 3 2.73973e-08
5.01187 3 2.74181e-08
6.30957 3 2.74692e-08
7.94328 3 2.75652e-08
10 3 2.77219e-08
12.5893 3 2.79553e-08
15.8489 3 2.82809e-08
19.9526 3 2.87122e-08
25.1189 3 2.92611e-08
31.6228 3 2.99374e-08
39.8107 3 3.07488e-08
50.1187 3 3.17011e-08
63.0957 3 3.27962e-08
79.4328 3 3.4029e-08
100 3 3.53811e-08
125.893 3 3.6815e-08
158.489 3 3.82718e-08
199.526 3 3.96755e-08
251.189 3 4.09426e-08
316.228 3 4.19934e-08
398.107 3 4.27632e-08
501.187 3 4.32081e-08
630.957 3 4.33075e-08
794.328 3 4.30625e-08
1000 3 4.24918e-08
1258.93 3 4.16269e-08
1584.89 3 4.05076e-08
1995.26 3 3.9177e-08
2511.89 3 3.7679e-08
3162.28 3 3.60553e-08
3981.07 3 3.43445e-08
5011.87 3 3.25806e-08
6309.57 3 3.0793e-08
7943.28 3 2.90065e-08
10000 3 2.72416e-08
1 5 4.72783e-08
1.25893 5 4.72665e-08
1.58489 5 4.72515e-08
1.99526 5 4.72328e-08
2.51189 5 4.72091e-08
3.16228 5 4.71793e-08
3.98107 5 4.71418e-08
5.01187 5 4.70945e-08
6.30957 5 4.7035e-08
7.94328 5 4.69599e-08
10 5 4.68655e-08
12.5893 5 4.67469e-08
15.8489 5 4.65984e-08
19.9526 5 4.64141e-08
25.1189 5 4.61891e-08
31.6228 5 4.59216e-08
39.8107 5 4.56151e-08
50.1187 5 4.52804e-08
63.0957 5 4.49349e-08
79.4328 5 4.46011e-08
100 5 4.43037e-08
125.893 5 4.40645e-08
158.489 5 4.38978e-08
199.526 5 4.38035e-08
251.189 5 4.37626e-08
316.228 5 4.37367e-08
398.107 5 4.36738e-08
501.187 5 4.35169e-08
630.957 5 4.32143e-08
794.328 5 4.27269e-08
1000 5 4.20326e-08
1258.93 5 4.11266e-08
1584.89 5 4.00184e-08
1995.26 5 3.87291e-08
2511.89 5 3.72867e-08
3162.28 5 3.57227e-08
3981.07 5 3.40693e-08
5011.87 5 3.23572e-08
6309.57 5 3.06144e-08
7943.28 5 2.88656e-08
10000 5 2.71315e-08
1 7 4.86934e-08
1.25893 7 4.86888e-08
1.58489 7 4.86831e-08
1.99526 7 4.86758e-08
2.51189 7 4.86667e-08
3.16228 7 4.86552e-08
3.98107 7 4.86407e-08
5.01187 7 4.86225e-08
6.30957 7 4.85994e-08
7.94328 7 4.85703e-08
10 7 4.85335e-08
12.5893 7 4.84869e-08
15.8489 7 4.8428e-08
19.9526 7 4.83532e-08
25.1189 7 4.82582e-08
31.6228 7 4.81374e-08
39.8107 7 4.79834e-08
50.1187 7 4.77875e-08
63.0957 7 4.75401e-08
79.4328 7 4.7233e-08
100 7 4.6862e-08
125.893 7 4.64304e-08
158.489 7 4.59499e-08
199.526 7 4.54384e-08
251.189 7 4.4915e-08
316.228 7 4.43923e-08
398.107 7 4.38696e-08
501.187 7 4.33302e-08
630.957 7 4.27445e-08
794.328 7 4.20767e-08
1000 7 4.12937e-08
1258.93 7 4.03715e-08
1584.89 7 3.92983e-08
1995.26 7 3.80754e-08
2511.89 7 3.67149e-08
3162.28 7 3.5237e-08
3981.07 7 3.36661e-08
5011.87 7 3.20288e-08
6309.57 7 3.03512e-08
7943.28 7 2.86572e-08
10000 7 2.69683e-08
1 9 4.63872e-08
1.25893 9 4.6385e-08
1.58489 9 4.63824e-08
1.99526 9 4.6379e-08
2.51189 9 4.63748e-08
3.16228 9 4.63695e-08
3.98107 9 4.63627e-08
5.01187 9 4.63543e-08
6.30957 9 4.63436e-08
7.94328 9 4.63301e-08
10 9 4.63131e-08
12.5893 9 4.62916e-08
15.8489 9 4.62645e-08
19.9526 9 4.62301e-08
25.1189 9 4.61865e-08
31.6228 9 4.61311e-08
39.8107 9 4.60607e-08
50.1187 9 4.59707e-08
63.0957 9 4.58554e-08
79.4328 9 4.57071e-08
100 9 4.5516e-08
125.893 9 4.52709e-08
158.489 9 4.49612e-08
199.526 9 4.45801e-08
251.189 9 4.41276e-08
316.228 9 4.36112e-08
398.107 9 4.30417e-08
501.187 9 4.24276e-08
630.957 9 4.17685e-08
794.328 9 4.10531e-08
1000 9 4.02617e-08
1258.93 9 3.93725e-08
1584.89 9 3.83676e-08
1995.26 9 3.72374e-08
2511.89 9 3.59826e-08
3162.28 9 3.46131e-08
3981.07 9 3.31462e-08
5011.87 9 3.16034e-08
6309.57 9 3.00085e-08
7943.28 9 2.83849e-08
10000 9 2.67544e-08
