1 0 3.24924e-37
1.25893 0 1.61347e-31
1.58489 0 5.69412e-27
1.99526 0 2.45698e-23
2.51189 0 1.99409e-20
3.16228 0 4.28482e-18
3.98107 0 3.1974e-16
5.01187 0 1.02758e-14
6.30957 0 1.68707e-13
7.94328 0 1.6201e-12
10 0 1.01311e-11
12.5893 0 4.49193e-11
15.8489 0 1.51071e-10
19.9526 0 4.06596e-10
25.1189 0 9.13802e-10
31.6228 0 1.77399e-09
39.8107 0 3.05617e-09
50.1187 0 4.77419e-09
63.0957 0 6.88062e-09
79.4328 0 9.27696e-09
100 0 1.18336e-08
125.893 0 1.44119e-08
158.489 0 1.68831e-08
199.526 0 1.91403e-08
251.189 0 2.11054e-08
316.228 0 2.27291e-08
398.107 0 2.39889e-08
501.187 0 2.48843e-08
630.957 0 2.54314e-08
794.328 0 2.56583e-08
1000 0 2.55999e-08
1258.93 0 2.52947e-08
1584.89 0 2.47822e-08
1995.26 0 2.41003e-08
2511.89 0 2.32847e-08
3162.28 0 2.23676e-08
3981.07 0 2.13773e-08
5011.87 0 2.03388e-08
6309.57 0 1.92728e-08
7943.28 0 1.81972e-08
10000 0 1.71262e-08
1 2 2.455e-10
1.25893 2 3.4342e-10
1.58489 2 4.69553e-10
1.99526 2 6.29309e-10
2.51189 2 8.28673e-10
3.16228 2 1.0742e-09
3.98107 2 1.373e-09
5.01187 2 1.73268e-09
6.30957 2 2.16133e-09
7.94328 2 2.66737e-09
10 2 3.25952e-09
12.5893 2 3.94659e-09
15.8489 2 4.73742e-09
19.9526 2 5.64065e-09
25.1189 2 6.66457e-09
31.6228 2 7.81682e-09
39.8107 2 9.10359e-09
50.1187 2 1.05275e-08
63.0957 2 1.20839e-08
79.4328 2 1.37553e-08
100 2 1.55073e-08
125.893 2 1.72887e-08
158.489 2 1.90349e-08
199.526 2 2.06768e-08
251.189 2 2.21492e-08
316.228 2 2.33984e-08
398.107 2 2.43869e-08
501.187 2 2.5095e-08
630.957 2 2.55193e-08
794.328 2 2.56703e-08
1000 2 2.55687e-08
1258.93 2 2.52422e-08
1584.89 2 2.47221e-08
1995.26 2 2.40408e-08
2511.89 2 2.32302e-08
3162.28 2 2.23199e-08
3981.07 2 2.13371e-08
5011.87 2 2.03056e-08
6309.57 2 1.92461e-08
7943.28 2 1.81759e-08
10000 2 1.71094e-08
1 4 2.23494e-08
1.25893 4 2.2339e-08
1.58489 4 2.23259e-08
1.99526 4 2.23096e-08
2.51189 4 2.22893e-08
3.16228 4 2.2264e-08
3.98107 4 2.22328e-08
5.01187 4 2.21945e-08
6.30957 4 2.21483e-08
7.94328 4 2.20938e-08
10 4 2.20316e-08
12.5893 4 2.19647e-08
15.8489 4 2.18986e-08
19.9526 4 2.18414e-08
25.1189 4 2.18038e-08
31.6228 4 2.17975e-08
39.8107 4 2.18347e-08
50.1187 4 2.19264e-08
63.0957 4 2.20823e-08
79.4328 4 2.231e-08
100 4 2.26136e-08
125.893 4 2.29922e-08
158.489 4 2.34361e-08
199.526 4 2.39244e-08
251.189 4 2.44241e-08
316.228 4 2.48939e-08
398.107 4 2.52892e-08
501.187 4 2.55692e-08
630.957 4 2.5702e-08
794.328 4 2.56677e-08
1000 4 2.54588e-08
1258.93 4 2.50791e-08
1584.89 4 2.4541e-08
1995.26 4 2.38633e-08
2511.89 4 2.30679e-08
3162.28 4 2.21783e-08
3981.07 4 2.12175e-08
5011.87 4 2.0207e-08
6309.57 4 1.91663e-08
7943.28 4 1.81123e-08
10000 4 1.70594e-08
1 6 2.86196e-08
1.25893 6 2.8615e-08
1.58489 6 2.86091e-08
1.99526 6 2.86018e-08
2.51189 6 2.85926e-08
3.16228 6 2.85809e-08
3.98107 6 2.85663e-08
5.01187 6 2.85478e-08
6.30957 6 2.85245e-08
7.94328 6 2.8495e-08
10 6 2.84579e-08
12.5893 6 2.84111e-08
15.8489 6 2.8352e-08
19.9526 6 2.82775e-08
25.1189 6 2.81837e-08
31.6228 6 2.80667e-08
39.8107 6 2.79227e-08
50.1187 6 2.77498e-08
63.0957 6 2.75495e-08
79.4328 6 2.73275e-08
100 6 2.70941e-08
125.893 6 2.68627e-08
158.489 6 2.66474e-08
199.526 6 2.64605e-08
251.189 6 2.63075e-08
316.228 6 2.61842e-08
398.107 6 2.60751e-08
501.187 6 2.59547e-08
630.957 6 2.57926e-08
794.328 6 2.55593e-08
1000 6 2.52308e-08
1258.93 6 2.4792e-08
1584.89 6 2.42376e-08
1995.26 6 2.35709e-08
2511.89 6 2.28023e-08
3162.28 6 2.19467e-08
3981.07 6 2.10216e-08
5011.87 6 2.00452e-08
6309.57 6 1.90351e-08
7943.28 6 1.80076e-08
10000 6 1.69768e-08
1 8 2.87762e-08
1.25893 8 2.87742e-08
1.58489 8 2.87717e-08
1.99526 8 2.87685e-08
2.51189 8 2.87645e-08
3.16228 8 2.87595e-08
3.98107 8 2.87531e-08
5.01187 8 2.87451e-08
6.30957 8 2.8735e-08
7.94328 8 2.87222e-08
10 8 2.87061e-08
12.5893 8 2.86857e-08
15.8489 8 2.86599e-08
19.9526 8 2.86273e-08
25.1189 8 2.85859e-08
31.6228 8 2.85333e-08
39.8107 8 2.84664e-08
50.1187 8 2.8381e-08
63.0957 8 2.82721e-08
79.4328 8 2.81339e-08
100 8 2.7961e-08
125.893 8 2.77497e-08
158.489 8 2.75006e-08
199.526 8 2.72189e-08
251.189 8 2.69141e-08
316.228 8 2.65973e-08
398.107 8 2.62764e-08
501.187 8 2.59524e-08
630.957 8 2.56171e-08
794.328 8 2.52545e-08
1000 8 2.48447e-08
1258.93 8 2.43688e-08
1584.89 8 2.38128e-08
1995.26 8 2.31698e-08
2511.89 8 2.24403e-08
3162.28 8 2.16313e-08
3981.07 8 2.07544e-08
5011.87 8 1.98238e-08
6309.57 8 1.88551e-08
7943.28 8 1.78633e-08
10000 8 1.68627e-08
1 10 2.74825e-08
1.25893 10 2.74815e-08
1.58489 10 2.74802e-08
1.99526 10 2.74786e-08
2.51189 10 2.74766e-08
3.16228 10 2.74741e-08
3.98107 10 2.74708e-08
5.01187 10 2.74668e-08
6.30957 10 2.74617e-08
7.94328 10 2.74553e-08
10 10 2.74471e-08
12.5893 10 2.74369e-08
15.8489 10 2.74239e-08
19.9526 10 2.74076e-08
25.1189 10 2.73868e-08
31.6228 10 2.73606e-08
39.8107 10 2.73272e-08
50.1187 10 2.72847e-08
63.0957 10 2.72304e-08
79.4328 10 2.71608e-08
100 10 2.70713e-08
125.893 10 2.69559e-08
158.489 10 2.68079e-08
199.526 10 2.66213e-08
251.189 10 2.63921e-08
316.228 10 2.61207e-08
398.107 10 2.58117e-08
501.187 10 2.54716e-08
630.957 10 2.51049e-08
794.328 10 2.47109e-08
1000 10 2.42823e-08
1258.93 10 2.38073e-08
1584.89 10 2.32732e-08
1995.26 10 2.26698e-08
2511.89 10 2.19919e-08
3162.28 10 2.12407e-08
3981.07 10 2.04224e-08
5011.87 10 1.95477e-08
6309.57 10 1.86295e-08
7943.28 10 1.76819e-08
10000 10 1.67187e-08
