1 0 3.55372e-50
1.25893 0 6.62915e-42
1.58489 0 2.60066e-35
1.99526 0 4.7434e-30
2.51189 0 7.55198e-26
3.16228 0 1.73069e-22
3.98107 0 8.49205e-20
5.01187 0 1.22266e-17
6.30957 0 6.6329e-16
7.94328 0 1.65333e-14
10 0 2.21616e-13
12.5893 0 1.80968e-12
15.8489 0 9.93845e-12
19.9526 0 3.97014e-11
25.1189 0 1.22766e-10
31.6228 0 3.08732e-10
39.8107 0 6.56687e-10
50.1187 0 1.21893e-09
63.0957 0 2.02426e-09
79.4328 0 3.06821e-09
100 0 4.31311e-09
125.893 0 5.69618e-09
158.489 0 7.14168e-09
199.526 0 8.57284e-09
251.189 0 9.92122e-09
316.228 0 1.11324e-08
398.107 0 1.21684e-08
501.187 0 1.3007e-08
630.957 0 1.36404e-08
794.328 0 1.40719e-08
1000 0 1.43132e-08
1258.93 0 1.43816e-08
1584.89 0 1.42977e-08
1995.26 0 1.40833e-08
2511.89 0 1.37603e-08
3162.28 0 1.33497e-08
3981.07 0 1.28707e-08
5011.87 0 1.23407e-08
6309.57 0 1.17749e-08
7943.28 0 1.11863e-08
10000 0 1.05862e-08
1 1 4.4487e-27
1.25893 1 8.56554e-24
1.58489 1 3.83013e-21
1.99526 1 5.35866e-19
2.51189 1 2.97148e-17
3.16228 1 7.8777e-16
3.98107 1 1.1585e-14
5.01187 1 1.06322e-13
6.30957 1 6.68549e-13
7.94328 1 3.10139e-12
10 1 1.12556e-11
12.5893 1 3.34799e-11
15.8489 1 8.4694e-11
19.9526 1 1.87634e-10
25.1189 1 3.72559e-10
31.6228 1 6.74934e-10
39.8107 1 1.13074e-09
50.1187 1 1.76947e-09
63.0957 1 2.60618e-09
79.4328 1 3.63514e-09
100 1 4.82765e-09
125.893 1 6.13505e-09
158.489 1 7.49585e-09
199.526 1 8.84457e-09
251.189 1 1.012e-08
316.228 1 1.1271e-08
398.107 1 1.22601e-08
501.187 1 1.30642e-08
630.957 1 1.36732e-08
794.328 1 1.40883e-08
1000 1 1.43191e-08
1258.93 1 1.43812e-08
1584.89 1 1.42939e-08
1995.26 1 1.40779e-08
2511.89 1 1.37545e-08
3162.28 1 1.33441e-08
3981.07 1 1.28657e-08
5011.87 1 1.23364e-08
6309.57 1 1.17713e-08
7943.28 1 1.11834e-08
10000 1 1.05838e-08
1 3 2.36668e-09
1.25893 3 2.41266e-09
1.58489 3 2.47064e-09
1.99526 3 2.54284e-09
2.51189 3 2.63151e-09
3.16228 3 2.73897e-09
3.98107 3 2.86757e-09
5.01187 3 3.01972e-09
6.30957 3 3.19792e-09
7.94328 3 3.40473e-09
10 3 3.64285e-09
12.5893 3 3.91503e-09
15.8489 3 4.22414e-09
19.9526 3 4.5731e-09
25.1189 3 4.96487e-09
31.6228 3 5.40241e-09
39.8107 3 5.88861e-09
50.1187 3 6.42625e-09
63.0957 3 7.01778e-09
79.4328 3 7.66475e-09
100 3 8.36642e-09
125.893 3 9.11739e-09
158.489 3 9.90513e-09
199.526 3 1.07087e-08
251.189 3 1.14996e-08
316.228 3 1.22452e-08
398.107 3 1.29129e-08
501.187 3 1.34746e-08
630.957 3 1.39096e-08
794.328 3 1.42056e-08
1000 3 1.43594e-08
1258.93 3 1.4375e-08
1584.89 3 1.42621e-08
1995.26 3 1.40345e-08
2511.89 3 1.37081e-08
3162.28 3 1.32996e-08
3981.07 3 1.28257e-08
5011.87 3 1.23019e-08
6309.57 3 1.17424e-08
7943.28 3 1.11598e-08
10000 3 1.05649e-08
1 5 1.30155e-08
1.25893 5 1.30115e-08
1.58489 5 1.30066e-08
1.99526 5 1.30004e-08
2.51189 5 1.29927e-08
3.16228 5 1.2983e-08
3.98107 5 1.29708e-08
5.01187 5 1.29557e-08
6.30957 5 1.2937e-08
7.94328 5 1.29139e-08
10 5 1.28857e-08
12.5893 5 1.2852e-08
15.8489 5 1.28127e-08
19.9526 5 1.2769e-08
25.1189 5 1.27234e-08
31.6228 5 1.26802e-08
39.8107 5 1.26452e-08
50.1187 5 1.26249e-08
63.0957 5 1.26264e-08
79.4328 5 1.26563e-08
100 5 1.27205e-08
125.893 5 1.28234e-08
158.489 5 1.29676e-08
199.526 5 1.31524e-08
251.189 5 1.33717e-08
316.228 5 1.3613e-08
398.107 5 1.38576e-08
501.187 5 1.4082e-08
630.957 5 1.42621e-08
794.328 5 1.43762e-08
1000 5 1.44079e-08
1258.93 5 1.43477e-08
1584.89 5 1.41926e-08
1995.26 5 1.39459e-08
2511.89 5 1.36152e-08
3162.28 5 1.32113e-08
3981.07 5 1.27465e-08
5011.87 5 1.22336e-08
6309.57 5 1.16853e-08
7943.28 5 1.1113e-08
10000 5 1.05272e-08
1 7 1.59147e-08
1.25893 7 1.59128e-08
1.58489 7 1.59103e-08
1.99526 7 1.59072e-08
2.51189 7 1.59033e-08
3.16228 7 1.58984e-08
3.98107 7 1.58922e-08
5.01187 7 1.58844e-08
6.30957 7 1.58746e-08
7.94328 7 1.58623e-08
10 7 1.58467e-08
12.5893 7 1.5827e-08
15.8489 7 1.58022e-08
19.9526 7 1.5771e-08
25.1189 7 1.57316e-08
31.6228 7 1.56822e-08
39.8107 7 1.56205e-08
50.1187 7 1.55447e-08
63.0957 7 1.54536e-08
79.4328 7 1.53478e-08
100 7 1.52304e-08
125.893 7 1.51067e-08
158.489 7 1.4984e-08
199.526 7 1.48705e-08
251.189 7 1.47735e-08
316.228 7 1.46976e-08
398.107 7 1.46423e-08
501.187 7 1.46011e-08
630.957 7 1.45609e-08
794.328 7 1.45049e-08
1000 7 1.44151e-08
1258.93 7 1.42758e-08
1584.89 7 1.40759e-08
1995.26 7 1.38094e-08
2511.89 7 1.34762e-08
3162.28 7 1.30804e-08
3981.07 7 1.26294e-08
5011.87 7 1.21328e-08
6309.57 7 1.16008e-08
7943.28 7 1.10437e-08
10000 7 1.04713e-08
1 9 1.62333e-08
1.25893 9 1.62323e-08
1.58489 9 1.62311e-08
1.99526 9 1.62296e-08
2.51189 9 1.62277e-08
3.16228 9 1.62253e-08
3.98107 9 1.62223e-08
5.01187 9 1.62185e-08
6.30957 9 1.62137e-08
7.94328 9 1.62076e-08
10 9 1.62e-08
12.5893 9 1.61903e-08
15.8489 9 1.61782e-08
19.9526 9 1.61628e-08
25.1189 9 1.61433e-08
31.6228 9 1.61186e-08
39.8107 9 1.60872e-08
50.1187 9 1.60474e-08
63.0957 9 1.59967e-08
79.4328 9 1.59324e-08
100 9 1.58514e-08
125.893 9 1.5751e-08
158.489 9 1.563e-08
199.526 9 1.54896e-08
251.189 9 1.53337e-08
316.228 9 1.51685e-08
398.107 9 1.50008e-08
501.187 9 1.48355e-08
630.957 9 1.46735e-08
794.328 9 1.45099e-08
1000 9 1.43352e-08
1258.93 9 1.41369e-08
1584.89 9 1.39027e-08
1995.26 9 1.3623e-08
2511.89 9 1.32922e-08
3162.28 9 1.29091e-08
3981.07 9 1.24768e-08
5011.87 9 1.20012e-08
6309.57 9 1.14903e-08
7943.28 9 1.09529e-08
10000 9 1.03979e-08
