1 0 4.49857e-54
1.25893 0 5.05925e-45
1.58489 0 8.27219e-38
1.99526 0 4.69041e-32
2.51189 0 1.83934e-27
3.16228 0 8.63044e-24
3.98107 0 7.48715e-21
5.01187 0 1.69641e-18
6.30957 0 1.32046e-16
7.94328 0 4.38887e-15
10 0 7.40159e-14
12.5893 0 7.26185e-13
15.8489 0 4.61974e-12
19.9526 0 2.07672e-11
25.1189 0 7.06228e-11
31.6228 0 1.91785e-10
39.8107 0 4.34169e-10
50.1187 0 8.47859e-10
63.0957 0 1.46774e-09
79.4328 0 2.30194e-09
100 0 3.32847e-09
125.893 0 4.49989e-09
158.489 0 5.75301e-09
199.526 0 7.01978e-09
251.189 0 8.23654e-09
316.228 0 9.35036e-09
398.107 0 1.03221e-08
501.187 0 1.11271e-08
630.957 0 1.17536e-08
794.328 0 1.22011e-08
1000 0 1.24771e-08
1258.93 0 1.25951e-08
1584.89 0 1.25723e-08
1995.26 0 1.24274e-08
2511.89 0 1.218e-08
3162.28 0 1.18485e-08
3981.07 0 1.14507e-08
5011.87 0 1.10023e-08
6309.57 0 1.05175e-08
7943.28 0 1.00084e-08
10000 0 9.48551e-09
1 2 1.17766e-14
1.25893 2 7.54022e-14
1.58489 2 3.5672e-13
1.99526 2 1.32248e-12
2.51189 2 4.02549e-12
3.16228 2 1.04396e-11
3.98107 2 2.37549e-11
5.01187 2 4.85507e-11
6.30957 2 9.08077e-11
7.94328 2 1.57772e-10
10 2 2.57711e-10
12.5893 2 3.99612e-10
15.8489 2 5.92864e-10
19.9526 2 8.46948e-10
25.1189 2 1.17116e-09
31.6228 2 1.57433e-09
39.8107 2 2.06461e-09
50.1187 2 2.64892e-09
63.0957 2 3.33198e-09
79.4328 2 4.11411e-09
100 2 4.98845e-09
125.893 2 5.93831e-09
158.489 2 6.93645e-09
199.526 2 7.94704e-09
251.189 2 8.92976e-09
316.228 2 9.84489e-09
398.107 2 1.06579e-08
501.187 2 1.13424e-08
630.957 2 1.1882e-08
794.328 2 1.22695e-08
1000 2 1.25062e-08
1258.93 2 1.26e-08
1584.89 2 1.25633e-08
1995.26 2 1.24116e-08
2511.89 2 1.21616e-08
3162.28 2 1.18302e-08
3981.07 2 1.14339e-08
5011.87 2 1.09876e-08
6309.57 2 1.0505e-08
7943.28 2 9.99816e-09
10000 2 9.47722e-09
1 4 7.0399e-09
1.25893 4 7.03954e-09
1.58489 4 7.03924e-09
1.99526 4 7.03913e-09
2.51189 4 7.03943e-09
3.16228 4 7.04054e-09
3.98107 4 7.04319e-09
5.01187 4 7.04862e-09
6.30957 4 7.05877e-09
7.94328 4 7.07636e-09
10 4 7.10488e-09
12.5893 4 7.14839e-09
15.8489 4 7.21119e-09
19.9526 4 7.29756e-09
25.1189 4 7.4115e-09
31.6228 4 7.55661e-09
39.8107 4 7.73599e-09
50.1187 4 7.95228e-09
63.0957 4 8.20769e-09
79.4328 4 8.50396e-09
100 4 8.84228e-09
125.893 4 9.22262e-09
158.489 4 9.64234e-09
199.526 4 1.00943e-08
251.189 4 1.05654e-08
316.228 4 1.10362e-08
398.107 4 1.14828e-08
501.187 4 1.18804e-08
630.957 4 1.2206e-08
794.328 4 1.24419e-08
1000 4 1.25769e-08
1258.93 4 1.26067e-08
1584.89 4 1.25331e-08
1995.26 4 1.23629e-08
2511.89 4 1.21063e-08
3162.28 4 1.17755e-08
3981.07 4 1.13837e-08
5011.87 4 1.09437e-08
6309.57 4 1.04679e-08
7943.28 4 9.96755e-09
10000 4 9.45245e-09
1 6 1.28008e-08
1.25893 6 1.27983e-08
1.58489 6 1.27951e-08
1.99526 6 1.27911e-08
2.51189 6 1.27861e-08
3.16228 6 1.27797e-08
3.98107 6 1.27718e-08
5.01187 6 1.27618e-08
6.30957 6 1.27492e-08
7.94328 6 1.27335e-08
10 6 1.27138e-08
12.5893 6 1.26891e-08
15.8489 6 1.26585e-08
19.9526 6 1.26207e-08
25.1189 6 1.25747e-08
31.6228 6 1.25203e-08
39.8107 6 1.2458e-08
50.1187 6 1.23903e-08
63.0957 6 1.23214e-08
79.4328 6 1.22568e-08
100 6 1.22032e-08
125.893 6 1.21673e-08
158.489 6 1.21551e-08
199.526 6 1.21715e-08
251.189 6 1.22183e-08
316.228 6 1.2293e-08
398.107 6 1.23878e-08
501.187 6 1.24887e-08
630.957 6 1.2578e-08
794.328 6 1.26364e-08
1000 6 1.26464e-08
1258.93 6 1.25945e-08
1584.89 6 1.24726e-08
1995.26 6 1.22782e-08
2511.89 6 1.20136e-08
3162.28 6 1.16849e-08
3981.07 6 1.13009e-08
5011.87 6 1.08712e-08
6309.57 6 1.04067e-08
7943.28 6 9.91701e-09
10000 6 9.4115e-09
1 8 1.41682e-08
1.25893 8 1.4167e-08
1.58489 8 1.41655e-08
1.99526 8 1.41635e-08
2.51189 8 1.41611e-08
3.16228 8 1.4158e-08
3.98107 8 1.41541e-08
5.01187 8 1.41492e-08
6.30957 8 1.4143e-08
7.94328 8 1.41353e-08
10 8 1.41255e-08
12.5893 8 1.41131e-08
15.8489 8 1.40975e-08
19.9526 8 1.40777e-08
25.1189 8 1.40528e-08
31.6228 8 1.40213e-08
39.8107 8 1.39814e-08
50.1187 8 1.39312e-08
63.0957 8 1.38685e-08
79.4328 8 1.37914e-08
100 8 1.3699e-08
125.893 8 1.35924e-08
158.489 8 1.34747e-08
199.526 8 1.33515e-08
251.189 8 1.32294e-08
316.228 8 1.31151e-08
398.107 8 1.30132e-08
501.187 8 1.29244e-08
630.957 8 1.28438e-08
794.328 8 1.27616e-08
1000 8 1.26644e-08
1258.93 8 1.25382e-08
1584.89 8 1.23708e-08
1995.26 8 1.21537e-08
2511.89 8 1.18832e-08
3162.28 8 1.15595e-08
3981.07 8 1.11869e-08
5011.87 8 1.07719e-08
6309.57 8 1.03224e-08
7943.28 8 9.84728e-09
10000 8 9.35489e-09
1 10 1.41499e-08
1.25893 10 1.41492e-08
1.58489 10 1.41484e-08
1.99526 10 1.41474e-08
2.51189 10 1.41461e-08
3.16228 10 1.41445e-08
3.98107 10 1.41425e-08
5.01187 10 1.414e-08
6.30957 10 1.41368e-08
7.94328 10 1.41327e-08
10 10 1.41311e-08
12.5893 10 1.41212e-08
15.8489 10 1.4113e-08
19.9526 10 1.41028e-08
25.1189 10 1.40898e-08
31.6228 10 1.40733e-08
39.8107 10 1.40524e-08
50.1187 10 1.40259e-08
63.0957 10 1.39922e-08
79.4328 10 1.39491e-08
100 10 1.38943e-08
125.893 10 1.38249e-08
158.489 10 1.37382e-08
199.526 10 1.36328e-08
251.189 10 1.35091e-08
316.228 10 1.33701e-08
398.107 10 1.32206e-08
501.187 10 1.30661e-08
630.957 10 1.29105e-08
794.328 10 1.2754e-08
1000 10 1.25922e-08
1258.93 10 1.2417e-08
1584.89 10 1.22183e-08
1995.26 10 1.19868e-08
2511.89 10 1.17155e-08
3162.28 10 1.1401e-08
3981.07 10 1.10437e-08
5011.87 10 1.06469e-08
6309.57 10 1.02164e-08
7943.28 10 9.75934e-09
10000 10 9.28329e-09
