1 0 4.01918e-68
1.25893 0 3.00204e-56
1.58489 0 8.57293e-47
1.99526 0 2.93897e-39
2.51189 0 3.001e-33
3.16228 0 1.87823e-28
3.98107 0 1.27793e-24
5.01187 0 1.48977e-21
6.30957 0 4.26994e-19
7.94328 0 4.00761e-17
10 0 1.54619e-15
12.5893 0 2.9369e-14
15.8489 0 3.16869e-13
19.9526 0 2.17512e-12
25.1189 0 1.03932e-11
31.6228 0 3.71229e-11
39.8107 0 1.04888e-10
50.1187 0 2.45199e-10
63.0957 0 4.91506e-10
79.4328 0 8.69211e-10
100 0 1.38733e-09
125.893 0 2.0352e-09
158.489 0 2.78463e-09
199.526 0 3.59578e-09
251.189 0 4.42433e-09
316.228 0 5.22778e-09
398.107 0 5.97003e-09
501.187 0 6.62372e-09
630.957 0 7.17093e-09
794.328 0 7.60254e-09
1000 0 7.91686e-09
1258.93 0 8.11797e-09
1584.89 0 8.21405e-09
1995.26 0 8.2159e-09
2511.89 0 8.13571e-09
3162.28 0 7.98608e-09
3981.07 0 7.77937e-09
5011.87 0 7.52718e-09
6309.57 0 7.24011e-09
7943.28 0 6.92756e-09
10000 0 6.59776e-09
1 1 4.58551e-39
1.25893 1 1.93948e-33
1.58489 1 6.30967e-29
1.99526 1 2.67172e-25
2.51189 1 2.23548e-22
3.16228 1 5.1482e-20
3.98107 1 4.24442e-18
5.01187 1 1.54319e-16
6.30957 1 2.91914e-15
7.94328 1 3.2752e-14
10 1 2.41808e-13
12.5893 1 1.27554e-12
15.8489 1 5.13146e-12
19.9526 1 1.65795e-11
25.1189 1 4.48184e-11
31.6228 1 1.04677e-10
39.8107 1 2.1654e-10
50.1187 1 4.0431e-10
63.0957 1 6.91186e-10
79.4328 1 1.09402e-09
100 1 1.61803e-09
125.893 1 2.25387e-09
158.489 1 2.97816e-09
199.526 1 3.75709e-09
251.189 1 4.55177e-09
316.228 1 5.32361e-09
398.107 1 6.03873e-09
501.187 1 6.67063e-09
630.957 1 7.20128e-09
794.328 1 7.62088e-09
1000 1 7.92689e-09
1258.93 1 8.12253e-09
1584.89 1 8.21519e-09
1995.26 1 8.21507e-09
2511.89 1 8.13387e-09
3162.28 1 7.98384e-09
3981.07 1 7.77708e-09
5011.87 1 7.52505e-09
6309.57 1 7.2438e-09
7943.28 1 6.92596e-09
10000 1 6.59643e-09
1 3 5.72726e-11
1.25893 3 7.72681e-11
1.58489 3 1.02572e-10
1.99526 3 1.34228e-10
2.51189 3 1.73426e-10
3.16228 3 2.21511e-10
3.98107 3 2.79996e-10
5.01187 3 3.50561e-10
6.30957 3 4.35058e-10
7.94328 3 5.3551e-10
10 3 6.54095e-10
12.5893 3 7.93138e-10
15.8489 3 9.55085e-10
19.9526 3 1.14248e-09
25.1189 3 1.35791e-09
31.6228 3 1.604e-09
39.8107 3 1.88335e-09
50.1187 3 2.19845e-09
63.0957 3 2.55167e-09
79.4328 3 2.94506e-09
100 3 3.37989e-09
125.893 3 3.85563e-09
158.489 3 4.36841e-09
199.526 3 4.90947e-09
251.189 3 5.46455e-09
316.228 3 6.01473e-09
398.107 3 6.53856e-09
501.187 3 7.01494e-09
630.957 3 7.42565e-09
794.328 3 7.75719e-09
1000 3 8.00155e-09
1258.93 3 8.15614e-09
1584.89 3 8.22302e-09
1995.26 3 8.20789e-09
2511.89 3 8.11894e-09
3162.28 3 7.96583e-09
3981.07 3 7.75879e-09
5011.87 3 7.50803e-09
6309.57 3 7.22322e-09
7943.28 3 6.91321e-09
10000 3 6.58587e-09
1 5 5.6536e-09
1.25893 5 5.65232e-09
1.58489 5 5.65073e-09
1.99526 5 5.64876e-09
2.51189 5 5.64635e-09
3.16228 5 5.64342e-09
3.98107 5 5.6399e-09
5.01187 5 5.63577e-09
6.30957 5 5.63107e-09
7.94328 5 5.62604e-09
10 5 5.62124e-09
12.5893 5 5.61771e-09
15.8489 5 5.61714e-09
19.9526 5 5.62188e-09
25.1189 5 5.63481e-09
31.6228 5 5.6591e-09
39.8107 5 5.69799e-09
50.1187 5 5.75454e-09
63.0957 5 5.83145e-09
79.4328 5 5.93104e-09
100 5 6.05517e-09
125.893 5 6.20525e-09
158.489 5 6.3821e-09
199.526 5 6.58534e-09
251.189 5 6.81248e-09
316.228 5 7.0577e-09
398.107 5 7.31121e-09
501.187 5 7.55967e-09
630.957 5 7.78768e-09
794.328 5 7.98002e-09
1000 5 8.12368e-09
1258.93 5 8.20931e-09
1584.89 5 8.23188e-09
1995.26 5 8.19055e-09
2511.89 5 8.088e-09
3162.28 5 7.92956e-09
3981.07 5 7.72231e-09
5011.87 5 7.47419e-09
6309.57 5 7.1934e-09
7943.28 5 6.88785e-09
10000 5 6.56486e-09
1 7 8.44551e-09
1.25893 7 8.4443e-09
1.58489 7 8.44278e-09
1.99526 7 8.44087e-09
2.51189 7 8.43846e-09
3.16228 7 8.43542e-09
3.98107 7 8.43161e-09
5.01187 7 8.42681e-09
6.30957 7 8.42077e-09
7.94328 7 8.41319e-09
10 7 8.40366e-09
12.5893 7 8.39171e-09
15.8489 7 8.37676e-09
19.9526 7 8.35809e-09
25.1189 7 8.33493e-09
31.6228 7 8.30653e-09
39.8107 7 8.27233e-09
50.1187 7 8.23241e-09
63.0957 7 8.18773e-09
79.4328 7 8.14047e-09
100 7 8.09389e-09
125.893 7 8.0521e-09
158.489 7 8.01954e-09
199.526 7 8.0005e-09
251.189 7 7.99853e-09
316.228 7 8.01567e-09
398.107 7 8.05145e-09
501.187 7 8.1019e-09
630.957 7 8.15926e-09
794.328 7 8.21267e-09
1000 7 8.2498e-09
1258.93 7 8.25886e-09
1584.89 7 8.23031e-09
1995.26 7 8.15794e-09
2511.89 7 8.03915e-09
3162.28 7 7.87466e-09
3981.07 7 7.66786e-09
5011.87 7 7.42394e-09
6309.57 7 7.14916e-09
7943.28 7 6.85021e-09
10000 7 6.53364e-09
1 9 9.22515e-09
1.25893 9 9.22451e-09
1.58489 9 9.2237e-09
1.99526 9 9.22268e-09
2.51189 9 9.2214e-09
3.16228 9 9.21979e-09
3.98107 9 9.21776e-09
5.01187 9 9.2152e-09
6.30957 9 9.21197e-09
7.94328 9 9.20791e-09
10 9 9.20278e-09
12.5893 9 9.19632e-09
15.8489 9 9.18816e-09
19.9526 9 9.17787e-09
25.1189 9 9.16488e-09
31.6228 9 9.14846e-09
39.8107 9 9.12772e-09
50.1187 9 9.10154e-09
63.0957 9 9.06861e-09
79.4328 9 9.02754e-09
100 9 8.9772e-09
125.893 9 8.91716e-09
158.489 9 8.84822e-09
199.526 9 8.77265e-09
251.189 9 8.69406e-09
316.228 9 8.61692e-09
398.107 9 8.54559e-09
501.187 9 8.48316e-09
630.957 9 8.43006e-09
794.328 9 8.38326e-09
1000 9 8.33624e-09
1258.93 9 8.28018e-09
1584.89 9 8.20562e-09
1995.26 9 8.10429e-09
2511.89 9 7.97032e-09
3162.28 9 7.80083e-09
3981.07 9 7.59586e-09
5011.87 9 7.35787e-09
6309.57 9 7.09109e-09
7943.28 9 6.80076e-09
10000 9 6.49256e-09
