1 0 1.32258e-27
1.25893 0 9.0355e-24
1.58489 0 1.05675e-20
1.99526 0 3.03667e-18
2.51189 0 2.85597e-16
3.16228 0 1.10368e-14
3.98107 0 2.09912e-13
5.01187 0 2.26715e-12
6.30957 0 1.55757e-11
7.94328 0 7.44739e-11
10 0 2.66152e-10
12.5893 0 7.52324e-10
15.8489 0 1.75933e-09
19.9526 0 3.52764e-09
25.1189 0 6.23995e-09
31.6228 0 9.96139e-09
39.8107 0 1.46156e-08
50.1187 0 2.00001e-08
63.0957 0 2.58289e-08
79.4328 0 3.17833e-08
100 0 3.7558e-08
125.893 0 4.28933e-08
158.489 0 4.75926e-08
199.526 0 5.15268e-08
251.189 0 5.46303e-08
316.228 0 5.68909e-08
398.107 0 5.83378e-08
501.187 0 5.90297e-08
630.957 0 5.90444e-08
794.328 0 5.84692e-08
1000 0 5.73949e-08
1258.93 0 5.59101e-08
1584.89 0 5.40983e-08
1995.26 0 5.20357e-08
2511.89 0 4.97899e-08
3162.28 0 4.74199e-08
3981.07 0 4.49762e-08
5011.87 0 4.2501e-08
6309.57 0 4.00292e-08
7943.28 0 3.75891e-08
10000 0 3.52031e-08
1 2 9.59538e-09
1.25893 2 1.00193e-08
1.58489 2 1.05252e-08
1.99526 2 1.11225e-08
2.51189 2 1.18211e-08
3.16228 2 1.26314e-08
3.98107 2 1.35642e-08
5.01187 2 1.46311e-08
6.30957 2 1.58439e-08
7.94328 2 1.72148e-08
10 2 1.87564e-08
12.5893 2 2.04813e-08
15.8489 2 2.24018e-08
19.9526 2 2.45303e-08
25.1189 2 2.68779e-08
31.6228 2 2.94539e-08
39.8107 2 3.22614e-08
50.1187 2 3.529e-08
63.0957 2 3.85048e-08
79.4328 2 4.1838e-08
100 2 4.51872e-08
125.893 2 4.84243e-08
158.489 2 5.14116e-08
199.526 2 5.40209e-08
251.189 2 5.61479e-08
316.228 2 5.77224e-08
398.107 2 5.87113e-08
501.187 2 5.91147e-08
630.957 2 5.89612e-08
794.328 2 5.82991e-08
1000 2 5.71902e-08
1258.93 2 5.57024e-08
1584.89 2 5.39051e-08
1995.26 2 5.18653e-08
2511.89 2 4.9645e-08
3162.28 2 4.73e-08
3981.07 2 4.48788e-08
5011.87 2 4.24232e-08
6309.57 2 3.99679e-08
7943.28 2 3.75412e-08
10000 2 3.5166e-08
1 4 6.11859e-08
1.25893 4 6.11594e-08
1.58489 4 6.1126e-08
1.99526 4 6.10841e-08
2.51189 4 6.10314e-08
3.16228 4 6.09651e-08
3.98107 4 6.08819e-08
5.01187 4 6.07777e-08
6.30957 4 6.06473e-08
7.94328 4 6.04851e-08
10 4 6.02852e-08
12.5893 4 6.00428e-08
15.8489 4 5.97564e-08
19.9526 4 5.94312e-08
25.1189 4 5.90801e-08
31.6228 4 5.8725e-08
39.8107 4 5.83942e-08
50.1187 4 5.81197e-08
63.0957 4 5.7933e-08
79.4328 4 5.78614e-08
100 4 5.7922e-08
125.893 4 5.81145e-08
158.489 4 5.84143e-08
199.526 4 5.87692e-08
251.189 4 5.9104e-08
316.228 4 5.93318e-08
398.107 4 5.93681e-08
501.187 4 5.91434e-08
630.957 4 5.86115e-08
794.328 4 5.7752e-08
1000 4 5.65683e-08
1258.93 4 5.50831e-08
1584.89 4 5.33327e-08
1995.26 4 5.13612e-08
2511.89 4 4.92162e-08
3162.28 4 4.69444e-08
3981.07 4 4.45898e-08
5011.87 4 4.2192e-08
6309.57 4 3.97852e-08
7943.28 4 3.73985e-08
10000 4 3.50555e-08
1 6 6.67549e-08
1.25893 6 6.6746e-08
1.58489 6 6.67347e-08
1.99526 6 6.67205e-08
2.51189 6 6.67027e-08
3.16228 6 6.66801e-08
3.98107 6 6.66517e-08
5.01187 6 6.66158e-08
6.30957 6 6.65705e-08
7.94328 6 6.65132e-08
10 6 6.64407e-08
12.5893 6 6.6349e-08
15.8489 6 6.62327e-08
19.9526 6 6.6085e-08
25.1189 6 6.58973e-08
31.6228 6 6.56588e-08
39.8107 6 6.53573e-08
50.1187 6 6.4981e-08
63.0957 6 6.4522e-08
79.4328 6 6.39809e-08
100 6 6.3369e-08
125.893 6 6.27086e-08
158.489 6 6.20281e-08
199.526 6 6.1353e-08
251.189 6 6.06961e-08
316.228 6 6.00487e-08
398.107 6 5.93799e-08
501.187 6 5.86418e-08
630.957 6 5.7781e-08
794.328 6 5.67504e-08
1000 6 5.55171e-08
1258.93 6 5.40666e-08
1584.89 6 5.24028e-08
1995.26 6 5.05443e-08
2511.89 6 4.85202e-08
3162.28 6 4.63656e-08
3981.07 6 4.41178e-08
5011.87 6 4.18132e-08
6309.57 6 3.94852e-08
7943.28 6 3.71635e-08
10000 6 3.48731e-08
1 8 6.36412e-08
1.25893 8 6.36374e-08
1.58489 8 6.36327e-08
1.99526 8 6.36268e-08
2.51189 8 6.36194e-08
3.16228 8 6.361e-08
3.98107 8 6.35981e-08
5.01187 8 6.35832e-08
6.30957 8 6.35644e-08
7.94328 8 6.35406e-08
10 8 6.35105e-08
12.5893 8 6.34725e-08
15.8489 8 6.34245e-08
19.9526 8 6.33635e-08
25.1189 8 6.32861e-08
31.6228 8 6.31876e-08
39.8107 8 6.30618e-08
50.1187 8 6.29006e-08
63.0957 8 6.26933e-08
79.4328 8 6.24265e-08
100 8 6.20849e-08
125.893 8 6.16543e-08
158.489 8 6.11264e-08
199.526 8 6.05022e-08
251.189 8 5.97929e-08
316.228 8 5.90144e-08
398.107 8 5.81785e-08
501.187 8 5.72847e-08
630.957 8 5.63169e-08
794.328 8 5.52476e-08
1000 8 5.40456e-08
1258.93 8 5.26853e-08
1584.89 8 5.11528e-08
1995.26 8 4.94479e-08
2511.89 8 4.75837e-08
3162.28 8 4.55836e-08
3981.07 8 4.3477e-08
5011.87 8 4.12965e-08
6309.57 8 3.90742e-08
7943.28 8 3.68402e-08
10000 8 3.46214e-08
1 10 5.91811e-08
1.25893 10 5.91792e-08
1.58489 10 5.91769e-08
1.99526 10 5.91739e-08
2.51189 10 5.91702e-08
3.16228 10 5.91655e-08
3.98107 10 5.91595e-08
5.01187 10 5.91521e-08
6.30957 10 5.91427e-08
7.94328 10 5.91308e-08
10 10 5.91158e-08
12.5893 10 5.90969e-08
15.8489 10 5.90731e-08
19.9526 10 5.90429e-08
25.1189 10 5.90046e-08
31.6228 10 5.89561e-08
39.8107 10 5.88945e-08
50.1187 10 5.88159e-08
63.0957 10 5.87155e-08
79.4328 10 5.85864e-08
100 10 5.84196e-08
125.893 10 5.82029e-08
158.489 10 5.79212e-08
199.526 10 5.75578e-08
251.189 10 5.70984e-08
316.228 10 5.65354e-08
398.107 10 5.5869e-08
501.187 10 5.51039e-08
630.957 10 5.4243e-08
794.328 10 5.32811e-08
1000 10 5.22043e-08
1258.93 10 5.09942e-08
1584.89 10 4.96344e-08
1995.26 10 4.81161e-08
2511.89 10 4.64416e-08
3162.28 10 4.46242e-08
3981.07 10 4.26859e-08
5011.87 10 4.06545e-08
6309.57 10 3.85606e-08
7943.28 10 3.64344e-08
10000 10 3.4304e-08
