1 0 1.10879e-27
1.25893 0 6.88738e-24
1.58489 0 7.53895e-21
1.99526 0 2.07372e-18
2.51189 0 1.89962e-16
3.16228 0 7.24558e-15
3.98107 0 1.37372e-13
5.01187 0 1.48984e-12
6.30957 0 1.03312e-11
7.94328 0 5.0035e-11
10 0 1.81516e-10
12.5893 0 5.21454e-10
15.8489 0 1.23983e-09
19.9526 0 2.52718e-09
25.1189 0 4.54177e-09
31.6228 0 7.36028e-09
39.8107 0 1.09517e-08
50.1187 0 1.51813e-08
63.0957 0 1.98381e-08
79.4328 0 2.46725e-08
100 0 2.94347e-08
125.893 0 3.39025e-08
158.489 0 3.79002e-08
199.526 0 4.1305e-08
251.189 0 4.40465e-08
316.228 0 4.61002e-08
398.107 0 4.74789e-08
501.187 0 4.82226e-08
630.957 0 4.83902e-08
794.328 0 4.80509e-08
1000 0 4.78115e-08
1258.93 0 4.61469e-08
1584.89 0 4.47263e-08
1995.26 0 4.30814e-08
2511.89 0 4.12704e-08
3162.28 0 3.93442e-08
3981.07 0 3.73467e-08
5011.87 0 3.53148e-08
6309.57 0 3.32789e-08
7943.28 0 3.12639e-08
10000 0 2.92897e-08
1 2 6.54191e-09
1.25893 2 6.87705e-09
1.58489 2 7.27618e-09
1.99526 2 7.74729e-09
2.51189 2 8.29893e-09
3.16228 2 8.94021e-09
3.98107 2 9.6808e-09
5.01187 2 1.05309e-08
6.30957 2 1.15014e-08
7.94328 2 1.26034e-08
10 2 1.38484e-08
12.5893 2 1.5248e-08
15.8489 2 1.68137e-08
19.9526 2 1.85569e-08
25.1189 2 2.0488e-08
31.6228 2 2.26159e-08
39.8107 2 2.4945e-08
50.1187 2 2.74688e-08
63.0957 2 3.01621e-08
79.4328 2 3.29726e-08
100 2 3.58194e-08
125.893 2 3.8598e-08
158.489 2 4.11935e-08
199.526 2 4.34955e-08
251.189 2 4.54116e-08
316.228 2 4.68767e-08
398.107 2 4.78558e-08
501.187 2 4.8343e-08
630.957 2 4.83569e-08
794.328 2 4.79347e-08
1000 2 4.71257e-08
1258.93 2 4.59858e-08
1584.89 2 4.45732e-08
1995.26 2 4.29446e-08
2511.89 2 4.1153e-08
3162.28 2 3.92464e-08
3981.07 2 3.7267e-08
5011.87 2 3.52508e-08
6309.57 2 3.32283e-08
7943.28 2 3.12244e-08
10000 2 2.9259e-08
1 4 4.89303e-08
1.25893 4 4.89089e-08
1.58489 4 4.8882e-08
1.99526 4 4.88482e-08
2.51189 4 4.88058e-08
3.16228 4 4.87526e-08
3.98107 4 4.86861e-08
5.01187 4 4.8603e-08
6.30957 4 4.84997e-08
7.94328 4 4.83722e-08
10 4 4.82166e-08
12.5893 4 4.80305e-08
15.8489 4 4.78146e-08
19.9526 4 4.75747e-08
25.1189 4 4.73231e-08
31.6228 4 4.70784e-08
39.8107 4 4.68636e-08
50.1187 4 4.67041e-08
63.0957 4 4.66245e-08
79.4328 4 4.66457e-08
100 4 4.67808e-08
125.893 4 4.70289e-08
158.489 4 4.737e-08
199.526 4 4.77616e-08
251.189 4 4.81417e-08
316.228 4 4.84375e-08
398.107 4 4.85769e-08
501.187 4 4.84994e-08
630.957 4 4.81636e-08
794.328 4 4.75492e-08
1000 4 4.66568e-08
1258.93 4 4.55036e-08
1584.89 4 4.4119e-08
1995.26 4 4.25396e-08
2511.89 4 4.08055e-08
3162.28 4 3.89564e-08
3981.07 4 3.70301e-08
5011.87 4 3.50606e-08
6309.57 4 3.30776e-08
7943.28 4 3.11064e-08
10000 4 2.91675e-08
1 6 5.47343e-08
1.25893 6 5.47266e-08
1.58489 6 5.47169e-08
1.99526 6 5.47047e-08
2.51189 6 5.46894e-08
3.16228 6 5.467e-08
3.98107 6 5.46456e-08
5.01187 6 5.46147e-08
6.30957 6 5.45758e-08
7.94328 6 5.45267e-08
10 6 5.44646e-08
12.5893 6 5.4386e-08
15.8489 6 5.42864e-08
19.9526 6 5.41602e-08
25.1189 6 5.40002e-08
31.6228 6 5.37978e-08
39.8107 6 5.35434e-08
50.1187 6 5.32282e-08
63.0957 6 5.28473e-08
79.4328 6 5.24029e-08
100 6 5.19059e-08
125.893 6 5.13758e-08
158.489 6 5.08362e-08
199.526 6 5.03086e-08
251.189 6 4.98032e-08
316.228 6 4.93129e-08
398.107 6 4.88112e-08
501.187 6 4.82575e-08
630.957 6 4.76055e-08
794.328 6 4.68137e-08
1000 6 4.58522e-08
1258.93 6 4.47067e-08
1584.89 6 4.33785e-08
1995.26 6 4.1882e-08
2511.89 6 4.02408e-08
3162.28 6 3.84841e-08
3981.07 6 3.66432e-08
5011.87 6 3.4749e-08
6309.57 6 3.28301e-08
7943.28 6 3.0912e-08
10000 6 2.90164e-08
1 8 5.25963e-08
1.25893 8 5.25931e-08
1.58489 8 5.2589e-08
1.99526 8 5.25839e-08
2.51189 8 5.25775e-08
3.16228 8 5.25694e-08
3.98107 8 5.25592e-08
5.01187 8 5.25463e-08
6.30957 8 5.253e-08
7.94328 8 5.25095e-08
10 8 5.24836e-08
12.5893 8 5.24508e-08
15.8489 8 5.24094e-08
19.9526 8 5.23568e-08
25.1189 8 5.22901e-08
31.6228 8 5.22052e-08
39.8107 8 5.20968e-08
50.1187 8 5.19581e-08
63.0957 8 5.17801e-08
79.4328 8 5.15516e-08
100 8 5.12604e-08
125.893 8 5.08957e-08
158.489 8 5.04517e-08
199.526 8 4.99308e-08
251.189 8 4.93437e-08
316.228 8 4.87046e-08
398.107 8 4.80242e-08
501.187 8 4.73023e-08
630.957 8 4.65254e-08
794.328 8 4.56693e-08
1000 8 4.47068e-08
1258.93 8 4.36144e-08
1584.89 8 4.23784e-08
1995.26 8 4.09971e-08
2511.89 8 3.94798e-08
3162.28 8 3.78452e-08
3981.07 8 3.61175e-08
5011.87 8 3.43237e-08
6309.57 8 3.24909e-08
7943.28 8 3.06448e-08
10000 8 2.88079e-08
1 10 4.90788e-08
1.25893 10 4.90771e-08
1.58489 10 4.90751e-08
1.99526 10 4.90726e-08
2.51189 10 4.90694e-08
3.16228 10 4.90653e-08
3.98107 10 4.90603e-08
5.01187 10 4.90538e-08
6.30957 10 4.90458e-08
7.94328 10 4.90356e-08
10 10 4.90227e-08
12.5893 10 4.90065e-08
15.8489 10 4.89859e-08
19.9526 10 4.896e-08
25.1189 10 4.89271e-08
31.6228 10 4.88854e-08
39.8107 10 4.88324e-08
50.1187 10 4.87649e-08
63.0957 10 4.86785e-08
79.4328 10 4.85675e-08
100 10 4.84242e-08
125.893 10 4.82383e-08
158.489 10 4.79972e-08
199.526 10 4.76875e-08
251.189 10 4.72981e-08
316.228 10 4.68237e-08
398.107 10 4.6266e-08
501.187 10 4.56303e-08
630.957 10 4.49197e-08
794.328 10 4.41305e-08
1000 10 4.32511e-08
1258.93 10 4.2265e-08
1584.89 10 4.11572e-08
1995.26 10 3.99187e-08
2511.89 10 3.85499e-08
3162.28 10 3.70605e-08
3981.07 10 3.5468e-08
5011.87 10 3.37951e-08
6309.57 10 3.20671e-08
7943.28 10 3.03091e-08
10000 10 2.85451e-08
