1 0 1.741e-20
1.25893 0 4.65712e-18
1.58489 0 4.17236e-16
1.99526 0 1.56347e-14
2.51189 0 2.92261e-13
3.16228 0 3.13398e-12
3.98107 0 2.15361e-11
5.01187 0 1.03543e-10
6.30957 0 3.7343e-10
7.94328 0 1.06769e-09
10 0 2.52879e-09
12.5893 0 5.13824e-09
15.8489 0 9.21047e-09
19.9526 0 1.48945e-08
25.1189 0 2.21232e-08
31.6228 0 3.06225e-08
39.8107 0 3.99666e-08
50.1187 0 4.96553e-08
63.0957 0 5.91881e-08
79.4328 0 6.81222e-08
100 0 7.61074e-08
125.893 0 8.29003e-08
158.489 0 8.8362e-08
199.526 0 9.24456e-08
251.189 0 9.51779e-08
316.228 0 9.66405e-08
398.107 0 9.69515e-08
501.187 0 9.62502e-08
630.957 0 9.46848e-08
794.328 0 9.24027e-08
1000 0 8.95445e-08
1258.93 0 8.624e-08
1584.89 0 8.26051e-08
1995.26 0 7.87416e-08
2511.89 0 7.4737e-08
3162.28 0 7.06649e-08
3981.07 0 6.65862e-08
5011.87 0 6.25504e-08
6309.57 0 5.8597e-08
7943.28 0 5.47565e-08
10000 0 5.10522e-08
1 2 4.59119e-08
1.25893 2 4.60655e-08
1.58489 2 4.6281e-08
1.99526 2 4.65814e-08
2.51189 2 4.69936e-08
3.16228 2 4.75467e-08
3.98107 2 4.82707e-08
5.01187 2 4.91945e-08
6.30957 2 5.0345e-08
7.94328 2 5.17465e-08
10 2 5.34205e-08
12.5893 2 5.53858e-08
15.8489 2 5.76586e-08
19.9526 2 6.02529e-08
25.1189 2 6.31788e-08
31.6228 2 6.64386e-08
39.8107 2 7.00168e-08
50.1187 2 7.38653e-08
63.0957 2 7.78901e-08
79.4328 2 8.19474e-08
100 2 8.58541e-08
125.893 2 8.94109e-08
158.489 2 9.24295e-08
199.526 2 9.47565e-08
251.189 2 9.62883e-08
316.228 2 9.69759e-08
398.107 2 9.68215e-08
501.187 2 9.58692e-08
630.957 2 9.41936e-08
794.328 2 9.18887e-08
1000 2 8.90578e-08
1258.93 2 8.58056e-08
1584.89 2 8.22327e-08
1995.26 2 7.84313e-08
2511.89 2 7.4484e-08
3162.28 2 7.0462e-08
3981.07 2 6.64257e-08
5011.87 2 6.24249e-08
6309.57 2 5.84997e-08
7943.28 2 5.46818e-08
10000 2 5.09951e-08
1 4 1.07896e-07
1.25893 4 1.07856e-07
1.58489 4 1.07806e-07
1.99526 4 1.07743e-07
2.51189 4 1.07663e-07
3.16228 4 1.07562e-07
3.98107 4 1.07435e-07
5.01187 4 1.07275e-07
6.30957 4 1.07074e-07
7.94328 4 1.0682e-07
10 4 1.06501e-07
12.5893 4 1.06102e-07
15.8489 4 1.05609e-07
19.9526 4 1.05012e-07
25.1189 4 1.0431e-07
31.6228 4 1.03516e-07
39.8107 4 1.02663e-07
50.1187 4 1.01794e-07
63.0957 4 1.00963e-07
79.4328 4 1.00219e-07
100 4 9.95978e-08
125.893 4 9.91013e-08
158.489 4 9.86909e-08
199.526 4 9.82865e-08
251.189 4 9.77796e-08
316.228 4 9.70535e-08
398.107 4 9.60046e-08
501.187 4 9.45581e-08
630.957 4 9.26757e-08
794.328 4 9.03545e-08
1000 4 8.76225e-08
1258.93 4 8.45292e-08
1584.89 4 8.11378e-08
1995.26 4 7.75174e-08
2511.89 4 7.3737e-08
3162.28 4 6.98618e-08
3981.07 4 6.59499e-08
5011.87 4 6.2052e-08
6309.57 4 5.82103e-08
7943.28 4 5.44588e-08
10000 4 5.08246e-08
1 6 1.06696e-07
1.25893 6 1.06683e-07
1.58489 6 1.06668e-07
1.99526 6 1.06649e-07
2.51189 6 1.06624e-07
3.16228 6 1.06594e-07
3.98107 6 1.06555e-07
5.01187 6 1.06506e-07
6.30957 6 1.06444e-07
7.94328 6 1.06366e-07
10 6 1.06267e-07
12.5893 6 1.06141e-07
15.8489 6 1.05981e-07
19.9526 6 1.05778e-07
25.1189 6 1.05518e-07
31.6228 6 1.05186e-07
39.8107 6 1.04761e-07
50.1187 6 1.04218e-07
63.0957 6 1.03537e-07
79.4328 6 1.02702e-07
100 6 1.01714e-07
125.893 6 1.00592e-07
158.489 6 9.93658e-08
199.526 6 9.80672e-08
251.189 6 9.67102e-08
316.228 6 9.5281e-08
398.107 6 9.3738e-08
501.187 6 9.20222e-08
630.957 6 9.00738e-08
794.328 6 8.78466e-08
1000 6 8.53175e-08
1258.93 6 8.24888e-08
1584.89 6 7.93853e-08
1995.26 6 7.60488e-08
2511.89 6 7.25311e-08
3162.28 6 6.88881e-08
3981.07 6 6.51747e-08
5011.87 6 6.14421e-08
6309.57 6 5.77352e-08
7943.28 6 5.4092e-08
10000 6 5.05433e-08
1 8 9.79759e-08
1.25893 8 9.7971e-08
1.58489 8 9.79647e-08
1.99526 8 9.79568e-08
2.51189 8 9.79469e-08
3.16228 8 9.79344e-08
3.98107 8 9.79186e-08
5.01187 8 9.78986e-08
6.30957 8 9.78735e-08
7.94328 8 9.78418e-08
10 8 9.78017e-08
12.5893 8 9.7751e-08
15.8489 8 9.76868e-08
19.9526 8 9.76054e-08
25.1189 8 9.75019e-08
31.6228 8 9.73701e-08
39.8107 8 9.72015e-08
50.1187 8 9.69849e-08
63.0957 8 9.67052e-08
79.4328 8 9.63425e-08
100 8 9.58716e-08
125.893 8 9.52655e-08
158.489 8 9.45013e-08
199.526 8 9.35669e-08
251.189 8 9.24641e-08
316.228 8 9.12024e-08
398.107 8 8.97885e-08
501.187 8 8.82154e-08
630.957 8 8.64606e-08
794.328 8 8.44926e-08
1000 8 8.22813e-08
1258.93 8 7.9809e-08
1584.89 8 7.70762e-08
1995.26 8 7.41019e-08
2511.89 8 7.0921e-08
3162.28 8 6.75788e-08
3981.07 8 6.41256e-08
5011.87 8 6.06119e-08
6309.57 8 5.70853e-08
7943.28 8 5.35879e-08
10000 8 5.01555e-08
1 10 8.92814e-08
1.25893 10 8.9279e-08
1.58489 10 8.92759e-08
1.99526 10 8.92719e-08
2.51189 10 8.9267e-08
3.16228 10 8.92608e-08
3.98107 10 8.9253e-08
5.01187 10 8.92431e-08
6.30957 10 8.92307e-08
7.94328 10 8.9215e-08
10 10 8.91952e-08
12.5893 10 8.91701e-08
15.8489 10 8.91385e-08
19.9526 10 8.90986e-08
25.1189 10 8.90479e-08
31.6228 10 8.89837e-08
39.8107 10 8.89021e-08
50.1187 10 8.87979e-08
63.0957 10 8.86646e-08
79.4328 10 8.84932e-08
100 10 8.82711e-08
125.893 10 8.79812e-08
158.489 10 8.76008e-08
199.526 10 8.71024e-08
251.189 10 8.64582e-08
316.228 10 8.56464e-08
398.107 10 8.46539e-08
501.187 10 8.34741e-08
630.957 10 8.20995e-08
794.328 10 8.05164e-08
1000 10 7.87058e-08
1258.93 10 7.66492e-08
1584.89 10 7.43365e-08
1995.26 10 7.1772e-08
2511.89 10 6.8976e-08
3162.28 10 6.59825e-08
3981.07 10 6.28354e-08
5011.87 10 5.95833e-08
6309.57 10 5.62748e-08
7943.28 10 5.29559e-08
10000 10 4.9667e-08
