1 0 1.09919e-12
1.25893 0 1.2353e-11
1.58489 0 8.81406e-11
1.99526 0 4.36774e-10
2.51189 0 1.61408e-09
3.16228 0 4.70676e-09
3.98107 0 1.13278e-08
5.01187 0 2.33196e-08
6.30957 0 4.22511e-08
7.94328 0 6.89304e-08
10 0 1.03134e-07
12.5893 0 1.43624e-07
15.8489 0 1.88402e-07
19.9526 0 2.35072e-07
25.1189 0 2.81208e-07
31.6228 0 3.2464e-07
39.8107 0 3.63632e-07
50.1187 0 3.96963e-07
63.0957 0 4.23917e-07
79.4328 0 4.44231e-07
100 0 4.58003e-07
125.893 0 4.65607e-07
158.489 0 4.67599e-07
199.526 0 4.64644e-07
251.189 0 4.57455e-07
316.228 0 4.46744e-07
398.107 0 4.33194e-07
501.187 0 4.17435e-07
630.957 0 4.00034e-07
794.328 0 3.81488e-07
1000 0 3.62224e-07
1258.93 0 3.42605e-07
1584.89 0 3.22928e-07
1995.26 0 3.03439e-07
2511.89 0 2.84331e-07
3162.28 0 2.65755e-07
3981.07 0 2.47827e-07
5011.87 0 2.30629e-07
6309.57 0 2.14219e-07
7943.28 0 1.98633e-07
10000 0 1.8389e-07
1 2 4.67055e-07
1.25893 2 4.66252e-07
1.58489 2 4.65256e-07
1.99526 2 4.64028e-07
2.51189 2 4.62534e-07
3.16228 2 4.60754e-07
3.98107 2 4.58701e-07
5.01187 2 4.56439e-07
6.30957 2 4.54091e-07
7.94328 2 4.51843e-07
10 2 4.49919e-07
12.5893 2 4.48564e-07
15.8489 2 4.48011e-07
19.9526 2 4.48459e-07
25.1189 2 4.50028e-07
31.6228 2 4.52707e-07
39.8107 2 4.56298e-07
50.1187 2 4.60387e-07
63.0957 2 4.64368e-07
79.4328 2 4.67533e-07
100 2 4.6918e-07
125.893 2 4.68717e-07
158.489 2 4.65736e-07
199.526 2 4.60036e-07
251.189 2 4.51619e-07
316.228 2 4.4065e-07
398.107 2 4.27411e-07
501.187 2 4.1226e-07
630.957 2 3.95582e-07
794.328 2 3.77768e-07
1000 2 3.59183e-07
1258.93 2 3.40161e-07
1584.89 2 3.20992e-07
1995.26 2 3.01921e-07
2511.89 2 2.83153e-07
3162.28 2 2.64848e-07
3981.07 2 2.47133e-07
5011.87 2 2.30102e-07
6309.57 2 2.1382e-07
7943.28 2 1.98333e-07
10000 2 1.83664e-07
1 4 5.09124e-07
1.25893 4 5.08998e-07
1.58489 4 5.08838e-07
1.99526 4 5.08636e-07
2.51189 4 5.08382e-07
3.16228 4 5.0806e-07
3.98107 4 5.07653e-07
5.01187 4 5.07137e-07
6.30957 4 5.06482e-07
7.94328 4 5.05648e-07
10 4 5.04584e-07
12.5893 4 5.03223e-07
15.8489 4 5.01475e-07
19.9526 4 4.99235e-07
25.1189 4 4.96383e-07
31.6228 4 4.92819e-07
39.8107 4 4.8849e-07
50.1187 4 4.83427e-07
63.0957 4 4.77738e-07
79.4328 4 4.71566e-07
100 4 4.65013e-07
125.893 4 4.58077e-07
158.489 4 4.50624e-07
199.526 4 4.42416e-07
251.189 4 4.33182e-07
316.228 4 4.22691e-07
398.107 4 4.10805e-07
501.187 4 3.97504e-07
630.957 4 3.82877e-07
794.328 4 3.67102e-07
1000 4 3.50414e-07
1258.93 4 3.33073e-07
1584.89 4 3.15344e-07
1995.26 4 2.97475e-07
2511.89 4 2.79688e-07
3162.28 4 2.62171e-07
3981.07 4 2.4508e-07
5011.87 4 2.28537e-07
6309.57 4 2.12634e-07
7943.28 4 1.97438e-07
10000 4 1.82992e-07
1 6 4.42372e-07
1.25893 6 4.42336e-07
1.58489 6 4.42292e-07
1.99526 6 4.42235e-07
2.51189 6 4.42164e-07
3.16228 6 4.42074e-07
3.98107 6 4.41961e-07
5.01187 6 4.41818e-07
6.30957 6 4.41637e-07
7.94328 6 4.41408e-07
10 6 4.41118e-07
12.5893 6 4.40749e-07
15.8489 6 4.4028e-07
19.9526 6 4.39681e-07
25.1189 6 4.38913e-07
31.6228 6 4.37923e-07
39.8107 6 4.36637e-07
50.1187 6 4.34956e-07
63.0957 6 4.32757e-07
79.4328 6 4.29903e-07
100 6 4.26279e-07
125.893 6 4.2181e-07
158.489 6 4.16472e-07
199.526 6 4.10253e-07
251.189 6 4.03121e-07
316.228 6 3.94997e-07
398.107 6 3.85777e-07
501.187 6 3.75363e-07
630.957 6 3.63712e-07
794.328 6 3.50854e-07
1000 6 3.36894e-07
1258.93 6 3.22023e-07
1584.89 6 3.06445e-07
1995.26 6 2.90403e-07
2511.89 6 2.7413e-07
3162.28 6 2.57847e-07
3981.07 6 2.41744e-07
5011.87 6 2.25982e-07
6309.57 6 2.1069e-07
7943.28 6 1.95967e-07
10000 6 1.81884e-07
1 8 3.85088e-07
1.25893 8 3.85073e-07
1.58489 8 3.85055e-07
1.99526 8 3.85032e-07
2.51189 8 3.85003e-07
3.16228 8 3.84967e-07
3.98107 8 3.84921e-07
5.01187 8 3.84863e-07
6.30957 8 3.8479e-07
7.94328 8 3.84698e-07
10 8 3.84582e-07
12.5893 8 3.84434e-07
15.8489 8 3.84248e-07
19.9526 8 3.84011e-07
25.1189 8 3.8371e-07
31.6228 8 3.83327e-07
39.8107 8 3.82836e-07
50.1187 8 3.82205e-07
63.0957 8 3.81387e-07
79.4328 8 3.80317e-07
100 8 3.78904e-07
125.893 8 3.77027e-07
158.489 8 3.74547e-07
199.526 8 3.71329e-07
251.189 8 3.67256e-07
316.228 8 3.62231e-07
398.107 8 3.56165e-07
501.187 8 3.4897e-07
630.957 8 3.40567e-07
794.328 8 3.30915e-07
1000 8 3.20029e-07
1258.93 8 3.07999e-07
1584.89 8 2.94975e-07
1995.26 8 2.81159e-07
2511.89 8 2.6678e-07
3162.28 8 2.52069e-07
3981.07 8 2.37248e-07
5011.87 8 2.22514e-07
6309.57 8 2.08035e-07
7943.28 8 1.93948e-07
10000 8 1.80357e-07
1 10 3.40656e-07
1.25893 10 3.40649e-07
1.58489 10 3.4064e-07
1.99526 10 3.40629e-07
2.51189 10 3.40614e-07
3.16228 10 3.40596e-07
3.98107 10 3.40573e-07
5.01187 10 3.40544e-07
6.30957 10 3.40508e-07
7.94328 10 3.40462e-07
10 10 3.40404e-07
12.5893 10 3.40331e-07
15.8489 10 3.40239e-07
19.9526 10 3.40122e-07
25.1189 10 3.39974e-07
31.6228 10 3.39787e-07
39.8107 10 3.39549e-07
50.1187 10 3.39245e-07
63.0957 10 3.38856e-07
79.4328 10 3.38355e-07
100 10 3.37706e-07
125.893 10 3.36855e-07
158.489 10 3.35726e-07
199.526 10 3.34212e-07
251.189 10 3.32181e-07
316.228 10 3.29485e-07
398.107 10 3.25976e-07
501.187 10 3.21518e-07
630.957 10 3.15984e-07
794.328 10 3.09271e-07
1000 10 3.01314e-07
1258.93 10 2.9211e-07
1584.89 10 2.81725e-07
1995.26 10 2.70295e-07
2511.89 10 2.58006e-07
3162.28 10 2.45081e-07
3981.07 10 2.3175e-07
5011.87 10 2.18234e-07
6309.57 10 2.04733e-07
7943.28 10 1.91421e-07
10000 10 1.78436e-07
